01 02 03 04 05 08
01 02 03 04 06 07
01 02 03 04 06 09
01 02 03 05 06 07
01 02 03 05 06 09
01 02 03 06 07 08
01 02 03 06 07 09
01 02 03 06 08 09
01 02 04 05 06 08
01 02 04 05 07 09
01 02 04 07 08 09
01 02 05 07 08 09
01 03 04 05 06 08
01 03 04 05 07 08
01 03 04 05 08 09
01 03 04 07 08 09
01 03 05 06 07 09
01 04 05 06 07 08
01 04 05 06 08 09
01 04 06 07 08 09
02 03 04 05 06 08
02 03 04 05 07 09
02 03 04 06 07 08
02 03 04 06 08 09
02 03 05 07 08 09
02 04 05 06 07 09
02 04 05 07 08 09
02 05 06 07 08 09
03 04 05 06 07 09
03 05 06 07 08 09