01 02 03 10 11 12
01 02 03 13 14 15
01 02 03 16 17 18
01 02 04 05 09 19
01 02 06 07 08 19
01 03 04 06 08 19
01 03 05 07 09 19
01 04 07 10 13 16
01 04 07 11 14 17
01 04 07 12 15 18
01 05 06 08 09 19
01 05 09 10 14 18
01 05 09 11 15 16
01 05 09 12 13 17
01 06 08 10 15 17
01 06 08 11 13 18
01 06 08 12 14 16
02 03 04 08 09 19
02 03 05 06 07 19
02 04 06 07 09 19
02 04 09 10 15 17
02 04 09 11 13 18
02 04 09 12 14 16
02 05 08 10 13 16
02 05 08 11 14 17
02 05 08 12 15 18
02 06 07 10 14 18
02 06 07 11 15 16
02 06 07 12 13 17
03 04 05 07 08 19
03 04 08 10 14 18
03 04 08 11 15 16
03 04 08 12 13 17
03 05 07 10 15 17
03 05 07 11 13 18
03 05 07 12 14 16
03 06 09 10 13 16
03 06 09 11 14 17
03 06 09 12 15 18
04 05 06 10 11 12
04 05 06 13 14 15
04 05 06 16 17 18
07 08 09 10 11 12
07 08 09 13 14 15
07 08 09 16 17 18
10 11 13 14 18 19
10 11 15 16 17 19
10 12 13 15 17 19
10 12 14 16 18 19
10 14 15 17 18 19
11 12 13 17 18 19
11 12 14 15 16 19
11 13 15 16 18 19
12 13 14 16 17 19