01 02 03 04 05 10
01 02 03 06 09 10
01 02 03 06 09 12
01 02 03 07 08 11
01 02 04 06 07 13
01 02 04 06 08 12
01 02 04 09 11 12
01 02 05 06 11 12
01 02 05 07 09 13
01 02 05 08 09 12
01 02 07 09 10 12
01 02 08 10 11 13
01 03 04 06 10 11
01 03 04 07 08 09
01 03 04 08 12 13
01 03 04 11 12 13
01 03 05 06 07 08
01 03 05 09 10 11
01 03 05 11 12 13
01 03 07 10 12 13
01 04 05 06 09 12
01 04 05 07 08 11
01 04 05 07 10 12
01 04 05 11 12 13
01 04 08 09 10 13
01 05 06 08 10 13
01 06 07 09 11 13
01 06 08 09 11 12
02 03 04 05 07 12
02 03 04 05 08 13
02 03 04 09 11 13
02 03 05 06 11 13
02 03 06 07 09 12
02 03 06 07 10 13
02 03 06 08 09 13
02 03 08 10 11 12
02 04 06 07 08 10
02 04 06 10 12 13
02 04 07 09 10 11
02 05 06 07 10 11
02 05 07 08 09 10
02 05 09 10 12 13
02 06 07 08 09 10
02 07 08 11 12 13
03 04 05 06 09 13
03 04 05 07 10 13
03 04 06 07 11 12
03 04 06 08 11 13
03 04 08 09 10 12
03 05 06 08 10 12
03 05 07 09 11 12
03 05 08 09 11 13
03 07 08 09 10 11
04 05 06 07 09 10
04 05 06 08 09 11
04 05 07 10 11 13
04 05 08 10 11 12
04 07 08 09 12 13
05 06 07 08 12 13
06 07 08 10 11 12
06 09 10 11 12 13
