01 02 03 10 11 17
01 02 04 06 08 13
01 02 05 07 14 18
01 02 09 12 15 16
01 03 04 07 11 13
01 03 05 06 12 18
01 03 09 11 14 16
01 04 05 09 10 18
01 04 12 13 14 15
01 05 08 11 15 18
01 05 13 16 17 18
01 06 07 08 09 16
01 06 08 10 14 17
01 07 10 12 15 17
02 03 05 10 13 15
02 03 06 07 12 14
02 03 08 10 16 18
02 04 05 06 11 16
02 04 06 15 17 18
02 04 07 09 10 14
02 05 08 09 12 17
02 07 08 11 14 15
02 07 13 14 16 17
02 09 11 12 13 18
03 04 05 07 15 16
03 04 06 09 10 12
03 04 07 08 17 18
03 05 09 14 15 17
03 06 08 11 12 15
03 06 12 13 16 17
03 08 09 13 14 18
04 05 08 12 14 16
04 08 09 10 11 15
04 09 10 13 16 17
04 11 12 14 17 18
05 06 07 09 11 17
05 06 10 11 13 14
05 07 08 10 12 13
06 07 09 13 15 18
06 10 14 15 16 18
07 10 11 12 16 18
08 11 13 15 16 17