01 02 03 05 07 09
01 02 04 14 15 17
01 02 08 11 13 16
01 02 10 11 12 16
01 03 04 08 12 17
01 03 06 09 10 15
01 03 10 13 14 16
01 04 05 09 11 17
01 04 06 07 13 17
01 05 06 11 12 14
01 05 07 08 10 14
01 07 09 12 15 16
02 03 04 10 13 16
02 03 05 06 10 17
02 03 08 12 14 15
02 04 06 09 11 12
02 04 07 08 09 10
02 05 07 12 16 17
02 05 09 11 14 15
02 06 07 13 14 15
03 04 07 11 14 16
03 05 08 09 11 12
03 05 09 13 15 17
03 06 07 08 12 13
03 11 13 15 16 17
04 05 06 08 15 16
04 05 08 09 13 14
04 05 10 12 13 15
04 06 08 10 14 16
05 06 07 09 11 13
05 09 10 15 16 17
06 08 09 14 16 17
07 08 10 11 15 17
09 10 12 13 14 17