01 02 03 05 10 23
01 02 03 09 13 24
01 02 03 12 16 18
01 02 04 06 12 14
01 02 04 15 22 25
01 02 05 10 16 19
01 02 05 11 14 21
01 02 06 11 16 23
01 02 07 11 12 21
01 02 07 12 23 25
01 02 08 09 14 24
01 02 08 13 19 20
01 02 08 15 21 24
01 02 09 14 17 22
01 02 13 15 21 25
01 03 04 05 06 07
01 03 04 11 19 25
01 03 06 14 21 23
01 03 07 09 17 20
01 03 08 10 12 24
01 03 10 11 14 15
01 03 12 14 17 25
01 03 13 14 20 22
01 04 05 07 08 23
01 04 05 13 15 16
01 04 06 08 12 17
01 04 06 09 16 25
01 04 07 09 18 22
01 04 07 20 21 24
01 04 08 10 13 18
01 04 08 11 20 21
01 04 09 10 21 23
01 04 12 13 19 24
01 05 06 08 09 15
01 05 06 11 12 15
01 05 07 08 11 18
01 05 07 08 20 22
01 05 09 11 17 18
01 05 10 11 12 13
01 05 12 14 17 20
01 05 13 14 18 19
01 05 18 22 24 25
01 06 07 10 13 18
01 06 08 15 17 22
01 06 09 12 19 22
01 06 10 11 20 24
01 06 10 18 19 22
01 06 14 17 20 23
01 07 10 16 20 25
01 07 11 13 16 17
01 07 14 16 19 21
01 07 15 19 22 24
01 08 09 10 12 16
01 08 11 13 23 25
01 08 15 18 20 21
01 08 21 22 23 24
01 09 13 14 15 20
01 09 19 20 23 25
01 10 17 19 21 25
01 11 16 18 22 23
01 12 14 15 23 24
01 15 17 18 19 23
01 16 17 21 22 24
02 03 04 06 12 21
02 03 05 18 20 25
02 03 06 13 15 16
02 03 07 13 17 20
02 03 07 14 19 20
02 03 08 10 22 25
02 03 08 11 12 20
02 03 10 12 19 25
02 03 10 15 16 23
02 03 15 18 19 22
02 03 17 23 24 25
02 04 05 06 17 19
02 04 05 14 22 24
02 04 05 21 23 25
02 04 06 07 17 24
02 04 06 09 10 20
02 04 07 14 20 23
02 04 08 16 17 21
02 04 09 12 13 16
02 04 10 12 19 24
02 04 11 13 14 18
02 05 06 13 17 23
02 05 07 12 13 22
02 05 08 10 12 15
02 05 09 16 22 23
02 05 11 16 24 25
02 06 07 08 17 21
02 06 07 09 11 25
02 06 08 10 13 22
02 06 08 11 12 23
02 06 09 14 15 16
02 06 13 16 20 22
02 07 09 10 14 15
02 07 09 15 18 23
02 07 11 16 20 22
02 07 13 19 21 23
02 08 18 19 24 25
02 09 10 18 21 25
02 09 11 15 19 21
02 09 16 17 19 25
02 10 11 13 17 20
02 10 14 18 21 24
02 11 12 17 19 22
02 12 14 16 17 25
02 13 14 18 22 23
02 14 18 19 22 25
02 15 17 18 20 24
02 20 21 22 23 24
03 04 05 07 09 22
03 04 05 09 19 24
03 04 06 09 13 14
03 04 07 10 11 21
03 04 08 14 15 17
03 04 09 17 21 22
03 04 10 15 20 23
03 04 12 13 20 25
03 04 13 19 22 23
03 04 15 18 24 25
03 05 06 19 20 25
03 05 08 13 19 21
03 05 08 14 17 25
03 05 08 14 20 24
03 05 09 12 14 23
03 05 11 12 16 24
03 05 11 15 17 22
03 06 07 08 09 23
03 06 07 10 11 23
03 06 08 12 15 19
03 06 10 12 17 19
03 06 11 18 22 24
03 06 12 13 17 18
03 06 12 18 21 22
03 06 16 17 20 21
03 07 08 11 17 18
03 07 08 16 22 25
03 07 11 13 18 23
03 07 13 15 21 24
03 08 09 10 18 23
03 08 16 21 23 25
03 09 11 16 20 22
03 09 12 15 21 25
03 09 14 16 18 19
03 10 13 14 16 24
03 10 14 16 18 21
03 11 13 16 17 19
03 11 15 17 18 24
03 15 19 20 21 24
04 05 06 13 20 21
04 05 08 12 18 22
04 05 10 16 17 18
04 05 11 12 16 19
04 05 11 14 15 24
04 05 13 15 23 24
04 06 07 11 18 19
04 06 10 14 16 22
04 06 10 22 23 25
04 06 15 18 19 21
04 07 08 09 13 14
04 07 08 11 15 16
04 07 09 12 22 24
04 07 10 12 13 15
04 07 12 16 17 18
04 07 13 16 22 25
04 07 14 18 21 25
04 08 11 15 20 25
04 08 12 16 21 24
04 08 17 19 20 22
04 09 10 13 15 19
04 09 11 12 17 23
04 10 13 17 24 25
04 10 14 19 21 25
04 14 16 17 20 23
04 16 18 20 23 24
05 06 07 12 16 25
05 06 07 14 15 22
05 06 08 14 16 18
05 06 09 10 22 24
05 06 10 12 18 23
05 06 12 21 24 25
05 07 09 16 20 21
05 07 10 11 19 24
05 07 10 17 20 21
05 07 15 16 18 24
05 07 15 17 19 25
05 08 09 10 11 22
05 08 09 17 19 20
05 08 13 16 17 23
05 09 10 13 14 25
05 09 12 17 20 24
05 10 15 21 22 23
05 11 13 14 15 23
05 11 18 19 20 23
05 12 18 19 21 23
05 13 15 16 18 25
05 14 19 21 22 24
06 07 09 17 21 23
06 07 11 12 14 20
06 07 12 15 20 23
06 07 16 19 23 24
06 08 09 10 16 21
06 08 13 15 22 24
06 08 14 18 23 25
06 08 17 18 20 25
06 09 11 13 15 19
06 09 11 14 17 19
06 09 11 18 21 24
06 10 11 15 16 25
06 11 13 21 22 25
06 13 14 19 24 25
07 08 09 12 19 25
07 08 10 20 24 25
07 08 14 15 16 20
07 10 13 18 19 22
07 10 14 17 22 23
07 11 12 13 20 24
07 11 20 21 22 25
07 12 14 17 18 24
08 09 12 13 16 18
08 09 13 15 17 24
08 09 15 19 22 23
08 10 11 16 18 19
08 10 14 15 17 21
08 10 14 19 20 23
08 11 12 14 21 22
08 11 13 16 19 24
08 11 17 21 23 24
09 10 12 18 20 21
09 10 15 16 17 24
09 11 14 23 24 25
09 12 18 19 20 21
09 13 17 18 21 22
09 13 20 23 24 25
09 14 15 18 20 22
10 11 12 15 18 25
10 11 17 22 24 25
10 12 13 16 21 23
10 12 13 18 20 22
11 14 16 20 21 25
12 13 14 15 17 21
12 15 16 19 20 22
12 17 20 22 23 25
14 15 16 19 23 25