01 02 03 04 05 08
01 02 03 04 08 22
01 02 03 05 13 17
01 02 03 07 09 20
01 02 03 08 11 12
01 02 05 11 19 20
01 02 06 07 17 21
01 02 06 09 14 18
01 02 09 10 16 22
01 02 09 11 16 18
01 02 13 15 19 23
01 02 16 17 19 21
01 03 04 11 16 23
01 03 05 06 12 16
01 03 05 07 09 19
01 03 05 14 16 23
01 03 06 14 16 21
01 03 06 18 19 22
01 03 07 13 14 15
01 03 10 12 15 18
01 04 05 07 16 20
01 04 05 13 18 20
01 04 05 14 15 23
01 04 06 10 12 21
01 04 07 08 10 18
01 04 07 10 20 23
01 04 09 14 17 21
01 04 11 12 14 15
01 04 15 17 22 23
01 05 06 07 10 14
01 05 06 08 09 11
01 05 06 09 10 21
01 05 18 19 21 22
01 06 07 09 13 15
01 06 07 12 17 22
01 06 15 19 20 22
01 07 08 12 16 21
01 07 08 19 21 23
01 07 11 18 19 23
01 08 09 12 15 20
01 08 10 17 20 23
01 08 12 14 17 19
01 09 12 13 17 18
01 09 12 13 19 23
01 10 11 13 21 22
01 11 15 16 17 18
01 13 14 16 20 22
01 14 15 21 22 23
02 03 04 05 16 23
02 03 04 07 09 12
02 03 06 10 11 16
02 03 08 13 14 21
02 03 09 19 20 22
02 03 12 16 19 22
02 03 13 14 17 19
02 03 15 18 20 21
02 04 05 10 17 18
02 04 06 09 17 22
02 04 06 12 13 20
02 04 07 08 11 15
02 04 09 10 21 23
02 04 11 17 18 22
02 04 14 16 19 20
02 05 06 15 16 19
02 05 07 08 16 17
02 05 07 15 21 22
02 05 09 13 16 21
02 05 09 17 18 19
02 05 10 14 15 20
02 05 11 12 14 23
02 06 07 08 20 22
02 06 07 14 19 21
02 06 08 10 12 19
02 06 11 21 22 23
02 07 10 11 13 18
02 07 10 11 14 15
02 07 12 15 17 23
02 08 09 13 17 23
02 08 13 16 18 23
02 08 14 15 18 22
02 10 12 13 14 21
02 10 14 15 17 22
02 11 12 16 21 22
02 12 16 18 20 23
03 04 05 06 15 22
03 04 05 10 14 19
03 04 06 08 15 17
03 04 06 11 17 19
03 04 09 13 18 21
03 04 12 19 21 23
03 04 15 16 20 22
03 05 06 07 12 18
03 05 07 11 15 19
03 05 08 10 22 23
03 05 12 17 20 21
03 05 15 16 21 22
03 06 07 13 20 23
03 06 09 10 16 17
03 06 09 11 12 17
03 06 11 13 19 20
03 07 08 10 13 18
03 07 08 11 14 20
03 07 09 10 21 22
03 07 14 17 18 23
03 08 09 14 15 23
03 08 13 16 18 19
03 09 10 13 19 20
03 09 11 13 17 22
03 11 12 15 17 23
03 12 13 14 18 22
04 05 06 08 18 23
04 05 07 11 13 21
04 05 07 12 18 19
04 05 08 14 20 21
04 05 09 12 15 22
04 06 07 16 18 21
04 06 08 13 16 23
04 06 09 13 14 22
04 06 14 17 18 20
04 07 08 10 12 20
04 07 11 14 22 23
04 07 13 17 19 22
04 08 09 10 11 19
04 08 09 15 18 19
04 08 10 13 15 21
04 09 10 11 12 20
04 10 12 13 16 17
04 10 16 18 20 21
05 06 08 13 14 22
05 06 13 15 17 21
05 07 08 12 13 23
05 07 10 11 17 21
05 08 09 14 17 18
05 08 10 15 16 20
05 09 10 18 21 23
05 09 11 14 16 18
05 09 17 19 20 23
05 10 16 20 22 23
05 11 12 13 16 19
05 11 13 15 18 20
06 07 09 16 19 23
06 08 09 12 20 21
06 08 10 13 19 22
06 08 11 18 20 21
06 08 15 17 19 21
06 09 12 14 20 23
06 09 15 16 17 20
06 10 11 14 17 23
06 10 11 18 20 22
06 10 13 15 18 23
06 11 12 14 15 16
07 08 09 18 20 22
07 09 13 14 15 16
07 10 15 16 19 23
07 10 15 17 19 20
07 11 12 13 18 22
07 11 14 16 17 22
07 12 14 19 20 21
08 09 10 12 14 16
08 11 12 13 15 22
08 11 12 17 18 21
08 11 13 14 17 20
08 11 16 19 21 22
09 10 11 13 14 19
09 11 15 20 21 23
09 12 15 18 19 21
10 12 19 20 22 23
10 14 18 19 21 23
12 16 17 18 22 23
13 16 17 20 21 23