01 02 04 05 06 15
01 02 07 11 16 20
01 02 07 12 14 17
01 02 08 09 13 16
01 02 09 14 18 19
01 03 04 10 11 17
01 03 04 10 13 18
01 03 10 11 13 18
01 03 10 13 17 18
01 04 07 09 19 20
01 04 08 12 14 16
01 04 10 11 13 17
01 04 10 11 17 18
01 05 06 07 08 18
01 05 06 09 11 12
01 05 06 13 14 20
01 05 06 16 17 19
01 07 12 13 15 19
01 08 09 15 17 20
01 08 11 14 15 19
01 12 15 16 18 20
02 03 05 08 12 20
02 03 05 10 12 19
02 03 08 10 12 20
02 03 08 12 19 20
02 04 07 08 15 18
02 04 09 11 12 15
02 04 13 14 15 20
02 04 15 16 17 19
02 05 07 09 13 17
02 05 08 10 19 20
02 05 11 14 16 18
02 06 07 11 13 19
02 06 08 11 14 17
02 06 09 17 18 20
02 06 12 13 16 18
03 04 11 13 17 18
03 05 08 10 19 20
03 06 07 09 15 16
03 06 07 10 14 16
03 06 09 10 15 16
03 06 09 14 15 16
03 07 09 10 14 15
04 05 07 11 14 19
04 05 07 12 13 16
04 05 08 09 14 17
04 05 09 16 18 20
04 06 07 12 17 20
04 06 08 09 13 19
04 06 08 11 16 20
04 06 12 14 18 19
05 07 11 15 17 20
05 08 10 12 19 20
05 08 11 13 15 16
05 09 13 15 18 19
05 12 14 15 17 18
06 07 09 10 14 16
06 07 10 14 15 16
06 08 12 13 15 17
06 11 15 18 19 20
07 08 09 11 12 18
07 08 13 14 18 20
07 08 16 17 18 19
09 11 12 13 14 20
09 11 12 16 17 19
13 14 16 17 19 20