01 02 03 05 18 20
01 02 03 11 14 28
01 02 03 15 21 27
01 02 03 16 17 19
01 02 04 05 12 23
01 02 04 13 14 19
01 02 05 06 07 21
01 02 06 08 09 14
01 02 06 08 13 28
01 02 06 17 20 22
01 02 06 18 25 26
01 02 07 10 24 26
01 02 08 09 11 14
01 02 09 12 16 22
01 02 09 13 24 27
01 02 11 15 23 25
01 02 12 14 15 17
01 02 16 21 23 24
01 03 04 11 20 22
01 03 04 14 26 28
01 03 05 07 11 26
01 03 05 07 16 27
01 03 05 10 14 22
01 03 06 09 23 25
01 03 06 11 18 19
01 03 07 13 17 21
01 03 07 13 20 23
01 03 08 10 12 25
01 03 08 15 18 28
01 03 09 14 15 17
01 03 12 17 20 24
01 03 19 20 24 28
01 04 05 06 10 21
01 04 05 11 22 27
01 04 06 08 23 26
01 04 07 08 09 14
01 04 07 11 22 25
01 04 08 22 23 27
01 04 09 12 20 23
01 04 09 13 15 16
01 04 09 18 24 26
01 04 10 11 12 21
01 04 10 13 16 27
01 04 10 14 20 24
01 04 12 19 21 28
01 04 13 18 20 26
01 04 16 17 18 25
01 05 06 12 14 15
01 05 07 16 18 28
01 05 07 20 23 27
01 05 08 17 23 25
01 05 09 19 20 25
01 05 09 19 21 22
01 05 10 21 23 24
01 05 11 17 24 27
01 05 13 14 22 23
01 05 13 15 25 26
01 05 13 19 23 24
01 06 07 12 14 27
01 06 09 16 18 23
01 06 10 17 25 28
01 06 11 16 24 25
01 06 12 19 22 26
01 06 13 18 21 23
01 06 14 21 22 25
01 06 15 17 20 21
01 07 08 09 15 17
01 07 08 11 19 26
01 07 08 21 24 26
01 07 09 10 15 19
01 07 09 14 25 28
01 07 12 15 18 22
01 08 10 11 19 22
01 08 10 15 16 26
01 08 10 16 19 27
01 08 12 22 24 28
01 08 14 20 27 28
01 08 15 20 21 24
01 08 17 18 21 22
01 09 10 11 21 28
01 09 10 20 23 27
01 09 17 26 27 28
01 10 11 13 15 18
01 10 14 16 20 21
01 11 12 13 16 20
01 11 12 13 17 26
01 11 12 18 19 27
01 12 15 20 24 26
01 13 22 24 25 27
01 14 17 18 19 23
01 14 21 25 26 27
01 15 16 22 23 28
01 15 18 19 23 25
01 18 20 24 26 28
02 03 04 06 13 25
02 03 04 10 24 27
02 03 05 09 10 13
02 03 06 12 16 23
02 03 07 08 12 15
02 03 07 21 22 28
02 03 08 14 16 23
02 03 09 16 20 25
02 03 11 12 25 28
02 03 11 17 18 24
02 03 12 14 18 26
02 03 15 22 26 27
02 03 17 23 25 26
02 04 05 06 25 27
02 04 05 12 16 26
02 04 05 14 15 25
02 04 07 11 13 19
02 04 07 17 20 28
02 04 08 10 18 21
02 04 08 19 24 25
02 04 09 10 14 27
02 04 09 11 17 26
02 04 14 15 18 22
02 04 15 20 23 26
02 05 06 07 11 19
02 05 06 08 14 16
02 05 07 13 14 17
02 05 08 22 23 24
02 05 10 15 17 20
02 05 11 18 21 25
02 05 11 21 23 26
02 05 13 20 24 25
02 05 15 19 21 24
02 05 19 22 27 28
02 06 07 15 16 18
02 06 09 10 13 23
02 06 09 15 19 26
02 06 10 11 16 22
02 06 10 12 20 28
02 06 11 14 15 23
02 06 12 17 21 24
02 06 19 21 24 27
02 07 08 10 22 28
02 07 08 11 12 13
02 07 09 18 23 27
02 07 09 20 21 25
02 07 14 20 24 26
02 07 16 19 23 25
02 07 16 26 27 28
02 08 09 12 14 21
02 08 09 16 20 22
02 08 09 17 18 22
02 08 09 18 19 24
02 08 10 12 23 26
02 08 11 20 26 27
02 08 16 17 26 28
02 09 11 15 24 28
02 09 14 17 25 27
02 10 12 13 17 25
02 10 12 17 19 27
02 10 14 19 23 28
02 10 16 18 19 21
02 10 18 19 20 21
02 11 12 13 21 25
02 11 12 14 19 20
02 11 13 21 23 27
02 12 18 20 22 23
02 12 18 25 27 28
02 13 14 15 16 27
02 13 16 18 20 24
02 13 19 21 22 26
02 14 22 24 25 26
02 15 17 21 22 28
03 04 05 06 17 19
03 04 05 08 18 28
03 04 06 14 20 22
03 04 07 12 22 24
03 04 07 25 26 27
03 04 08 10 16 17
03 04 09 19 21 23
03 04 10 17 18 26
03 04 11 15 20 25
03 04 12 13 15 27
03 04 13 15 23 28
03 05 07 15 18 23
03 05 08 17 21 25
03 05 09 12 20 27
03 05 09 24 25 28
03 05 10 11 23 26
03 05 14 19 20 26
03 05 15 16 24 26
03 06 07 08 10 24
03 06 07 09 11 17
03 06 07 15 18 24
03 06 07 23 27 28
03 06 08 12 22 25
03 06 08 18 21 27
03 06 09 16 18 26
03 06 10 16 20 23
03 06 11 20 21 26
03 06 13 15 16 19
03 06 14 23 24 27
03 06 15 26 27 28
03 07 10 13 26 28
03 07 11 15 16 17
03 07 14 16 22 25
03 07 14 17 19 21
03 07 14 19 20 22
03 08 09 11 16 26
03 08 09 19 22 27
03 08 10 14 15 19
03 08 13 14 17 24
03 08 13 20 23 26
03 08 13 21 22 26
03 09 10 14 20 21
03 09 10 15 18 22
03 09 12 13 18 19
03 10 11 12 25 27
03 10 11 16 19 25
03 10 12 16 17 28
03 10 13 19 25 28
03 10 19 21 24 25
03 11 12 19 21 23
03 11 13 22 27 28
03 12 14 15 21 28
03 12 23 24 26 27
03 13 14 16 18 25
03 15 21 23 26 27
03 16 17 20 22 24
03 16 18 21 22 24
03 17 18 20 23 27
04 05 06 07 20 24
04 05 07 09 24 27
04 05 07 14 21 23
04 05 09 11 13 14
04 05 10 15 27 28
04 05 11 13 18 24
04 05 13 20 21 25
04 05 16 19 20 22
04 06 07 10 13 22
04 06 07 16 19 22
04 06 08 11 15 28
04 06 09 15 20 24
04 06 09 16 27 28
04 06 10 14 17 21
04 06 11 12 18 23
04 06 12 15 16 18
04 06 14 16 26 28
04 06 18 22 24 26
04 07 09 17 21 28
04 07 10 13 18 25
04 07 10 18 19 20
04 07 15 16 21 26
04 08 09 10 12 20
04 08 11 13 16 21
04 08 12 13 26 27
04 08 12 14 17 20
04 08 16 20 21 22
04 09 10 22 23 25
04 09 12 15 16 25
04 09 13 17 22 28
04 10 11 14 24 26
04 10 16 19 23 28
04 10 17 19 22 26
04 11 14 16 23 27
04 11 17 18 21 27
04 11 17 21 24 25
04 12 16 22 23 25
04 12 19 25 26 28
04 12 20 21 22 27
04 13 14 16 24 28
04 13 15 17 23 24
04 13 15 17 26 27
04 14 15 18 19 27
04 19 21 22 23 27
04 21 23 24 25 28
05 06 07 09 11 27
05 06 08 09 12 21
05 06 09 12 14 17
05 06 10 11 12 22
05 06 10 18 26 27
05 06 11 17 18 20
05 06 13 16 21 28
05 06 13 24 26 28
05 06 22 23 25 27
05 07 08 09 22 26
05 07 08 13 19 25
05 07 10 14 16 25
05 07 12 13 21 25
05 07 12 17 19 26
05 07 12 17 22 28
05 08 09 15 20 28
05 08 10 11 13 20
05 08 10 13 17 27
05 08 11 15 19 23
05 08 12 16 24 27
05 08 14 19 21 27
05 08 15 18 25 26
05 09 10 14 16 18
05 09 10 16 24 27
05 09 11 18 25 27
05 09 12 15 17 22
05 09 16 17 21 23
05 10 12 18 19 24
05 10 17 19 21 26
05 11 12 14 16 25
05 11 12 22 24 28
05 11 14 17 25 28
05 11 15 21 22 26
05 12 13 18 23 28
05 13 16 17 18 22
05 14 18 20 22 24
05 15 16 20 25 27
05 20 21 23 26 28
06 07 08 17 18 25
06 07 08 19 21 28
06 07 09 10 19 26
06 07 09 12 23 28
06 07 13 14 23 26
06 07 13 15 20 22
06 08 10 13 14 18
06 08 12 13 18 24
06 08 12 16 20 25
06 08 14 16 17 24
06 08 15 22 24 27
06 08 17 19 20 23
06 09 10 17 24 25
06 09 14 18 20 28
06 09 14 21 22 24
06 10 13 19 20 27
06 10 15 21 23 25
06 11 13 14 19 25
06 11 17 22 23 28
06 12 13 16 17 27
06 15 17 18 26 28
06 16 17 20 25 26
06 18 19 22 25 28
07 08 10 11 17 23
07 08 12 16 18 20
07 08 15 19 21 23
07 08 18 20 25 27
07 09 10 13 16 24
07 09 11 18 22 27
07 09 13 20 22 26
07 10 11 12 15 27
07 10 11 14 17 20
07 10 17 21 22 27
07 11 12 24 25 26
07 11 13 14 15 27
07 11 14 18 21 24
07 11 16 20 23 28
07 12 14 15 18 21
07 12 16 20 21 27
07 13 17 18 24 28
07 13 19 23 24 25
07 14 15 24 25 28
07 16 17 22 23 24
07 17 19 24 27 28
07 18 19 22 23 26
08 09 11 17 19 20
08 09 13 15 16 23
08 09 13 17 18 19
08 09 13 23 25 28
08 10 14 15 25 26
08 10 18 23 24 28
08 11 12 14 22 28
08 11 13 23 24 26
08 11 14 18 22 25
08 12 15 17 23 27
08 13 15 16 20 22
08 16 21 25 27 28
08 17 19 20 24 26
09 10 12 14 26 28
09 11 12 15 19 23
09 11 12 17 18 20
09 11 13 15 22 25
09 11 19 25 26 27
09 11 20 22 23 24
09 12 14 16 19 24
09 12 18 21 25 26
09 13 15 18 21 27
09 13 21 24 26 27
09 14 15 20 23 26
09 14 16 19 21 28
09 14 18 23 26 28
10 11 15 18 20 28
10 11 15 19 22 24
10 12 13 14 22 23
10 12 13 15 21 24
10 12 16 21 23 26
10 14 18 22 27 28
10 15 16 23 24 25
10 15 17 19 24 28
10 20 22 25 26 28
11 15 16 17 19 21
11 16 18 19 26 28
11 18 20 21 23 25
11 20 21 24 27 28
12 13 15 19 20 28
12 13 18 19 22 27
12 14 20 23 24 25
12 15 17 19 22 25
13 14 17 20 21 28
13 16 17 19 22 25
13 16 19 23 26 27
13 19 22 24 26 28
14 16 17 22 26 27
14 17 18 21 24 26
15 16 18 20 24 27
15 17 19 20 25 27