01 02 03 08 15 20
01 02 03 18 19 24
01 02 04 05 07 16
01 02 04 07 08 20
01 02 05 15 18 24
01 02 06 08 10 18
01 02 06 10 13 24
01 02 07 10 12 17
01 02 07 11 15 23
01 02 07 19 22 24
01 02 09 13 16 18
01 02 09 14 22 26
01 02 09 17 25 27
01 02 12 13 18 20
01 02 16 17 20 21
01 02 19 20 21 23
01 02 21 22 24 25
01 03 04 05 18 20
01 03 04 06 08 09
01 03 04 06 11 20
01 03 04 07 11 16
01 03 04 10 13 23
01 03 05 09 22 23
01 03 05 13 17 22
01 03 05 13 25 26
01 03 06 07 18 21
01 03 07 11 18 25
01 03 07 12 20 22
01 03 08 12 18 24
01 03 10 12 14 25
01 03 12 17 19 27
01 03 13 14 17 19
01 03 13 15 22 25
01 03 16 23 24 26
01 03 17 23 24 27
01 04 06 09 10 12
01 04 08 10 22 23
01 04 09 12 13 17
01 04 09 14 18 24
01 04 09 15 21 22
01 04 09 16 19 27
01 04 12 21 24 26
01 04 14 16 21 25
01 04 15 17 19 26
01 04 15 18 25 27
01 05 06 11 13 22
01 05 06 14 17 23
01 05 06 18 21 27
01 05 08 14 16 21
01 05 09 10 19 20
01 05 10 11 12 13
01 05 11 15 17 21
01 05 11 15 24 27
01 05 11 20 24 25
01 05 12 14 18 22
01 06 07 09 13 15
01 06 08 10 17 20
01 06 08 12 15 25
01 06 09 10 12 14
01 06 09 23 26 27
01 06 11 19 22 25
01 06 12 16 17 24
01 06 16 19 20 26
01 07 08 09 16 24
01 07 08 09 18 19
01 07 10 11 14 27
01 07 12 13 15 27
01 07 12 13 16 25
01 07 12 13 19 23
01 07 14 20 25 26
01 08 11 17 22 26
01 08 11 18 19 26
01 08 13 14 20 27
01 08 13 17 21 27
01 09 11 13 21 23
01 10 14 21 24 26
01 10 15 16 19 21
01 10 16 22 26 27
01 11 16 17 18 23
01 12 14 15 16 20
01 17 18 20 21 22
01 19 20 23 25 27
02 03 04 12 22 27
02 03 04 17 18 26
02 03 05 11 25 27
02 03 06 12 13 26
02 03 06 16 17 23
02 03 07 09 13 14
02 03 07 16 19 25
02 03 08 13 25 26
02 03 08 14 15 16
02 03 09 11 19 24
02 03 09 14 17 21
02 03 10 11 18 21
02 04 05 06 25 26
02 04 05 08 11 13
02 04 05 11 14 26
02 04 06 10 15 25
02 04 07 13 15 20
02 04 09 12 20 25
02 04 10 11 26 27
02 04 13 14 22 25
02 04 16 17 24 26
02 04 18 21 23 24
02 05 06 07 11 12
02 05 06 09 21 24
02 05 08 18 23 25
02 05 09 10 23 24
02 05 09 16 19 23
02 05 10 14 16 24
02 05 11 20 21 22
02 05 12 19 21 26
02 05 13 15 17 19
02 05 13 16 22 23
02 06 08 09 15 22
02 06 10 13 19 21
02 06 10 17 20 22
02 06 13 15 16 20
02 06 13 17 21 26
02 06 14 18 19 27
02 06 14 18 20 25
02 07 08 11 19 25
02 07 08 14 22 23
02 07 08 24 26 27
02 07 09 10 18 22
02 07 09 11 17 25
02 07 15 21 23 27
02 08 09 11 17 19
02 08 10 12 22 27
02 08 12 16 21 27
02 08 14 15 21 24
02 09 10 20 24 27
02 09 12 15 18 26
02 10 11 22 23 26
02 10 12 16 17 23
02 10 13 14 23 27
02 10 19 20 22 26
02 11 12 14 19 23
02 11 13 18 22 27
02 11 15 16 21 24
02 11 15 23 25 26
02 12 14 17 20 24
02 12 15 19 22 24
02 16 20 23 26 27
03 04 05 07 18 19
03 04 05 09 11 25
03 04 05 19 22 24
03 04 06 07 10 25
03 04 08 09 10 21
03 04 08 13 16 17
03 04 08 15 17 23
03 04 14 15 26 27
03 04 15 17 18 21
03 05 06 07 10 14
03 05 06 15 19 21
03 05 07 08 17 20
03 05 09 16 18 27
03 05 10 13 20 23
03 05 10 15 18 22
03 05 11 12 17 21
03 05 14 16 21 22
03 05 15 20 23 24
03 06 07 16 20 21
03 06 08 10 19 27
03 06 08 15 18 23
03 06 11 13 18 25
03 06 11 14 16 22
03 06 13 14 22 24
03 06 15 17 24 25
03 07 10 12 23 26
03 07 11 15 22 23
03 07 13 18 24 27
03 08 09 12 23 25
03 08 11 12 14 15
03 08 11 14 24 25
03 08 14 25 26 27
03 08 19 21 22 26
03 09 10 11 17 26
03 09 12 15 19 24
03 09 13 22 24 27
03 09 18 20 22 25
03 10 12 15 19 27
03 10 15 16 20 26
03 10 16 17 18 22
03 11 13 19 20 26
03 12 13 14 21 23
03 12 13 16 19 20
03 14 18 19 20 23
03 16 21 23 25 27
03 20 21 24 26 27
04 05 06 09 14 15
04 05 06 13 21 27
04 05 08 17 18 27
04 05 09 17 22 24
04 05 10 12 16 25
04 05 12 15 16 23
04 05 20 22 23 26
04 06 07 08 12 14
04 06 08 13 18 23
04 06 08 24 25 27
04 06 09 18 23 24
04 06 09 19 23 26
04 06 10 11 17 19
04 06 11 12 23 27
04 06 15 16 18 22
04 06 20 22 24 26
04 07 08 09 18 26
04 07 09 12 23 27
04 07 09 14 17 23
04 07 10 15 20 24
04 07 11 12 17 24
04 07 11 15 19 22
04 07 11 17 23 25
04 07 13 16 21 22
04 08 10 15 24 26
04 08 12 18 19 22
04 08 14 19 22 27
04 08 19 20 21 25
04 09 11 14 16 20
04 10 12 14 16 19
04 10 13 14 18 26
04 10 14 17 20 21
04 10 16 18 20 27
04 11 12 13 15 21
04 11 16 19 24 27
04 11 19 21 22 23
04 11 21 22 26 27
04 12 14 23 24 26
04 13 16 23 24 25
04 13 17 19 20 27
05 06 07 08 22 26
05 06 08 16 19 26
05 06 11 18 24 26
05 06 12 19 20 24
05 06 16 17 20 25
05 07 08 11 16 23
05 07 08 13 18 20
05 07 09 15 21 26
05 07 10 13 21 26
05 07 10 22 25 27
05 07 12 14 20 27
05 07 13 16 17 24
05 07 14 19 21 24
05 07 17 18 23 25
05 08 09 12 13 25
05 08 09 17 19 27
05 08 10 12 15 26
05 08 13 14 18 24
05 08 13 14 23 25
05 08 15 20 22 27
05 09 11 12 16 22
05 09 14 17 26 27
05 09 18 20 21 26
05 10 11 19 23 27
05 10 15 16 21 24
05 10 18 21 25 26
05 11 16 17 19 21
05 12 14 23 24 27
05 13 14 15 19 25
06 07 09 11 14 22
06 07 09 16 25 27
06 07 09 20 23 24
06 07 10 16 18 23
06 07 15 17 18 26
06 07 17 22 26 27
06 08 09 10 14 26
06 08 09 14 19 20
06 08 11 21 23 24
06 08 13 16 19 24
06 09 10 12 16 21
06 09 11 14 21 25
06 09 11 15 20 26
06 09 12 13 17 18
06 10 12 18 20 27
06 11 13 15 16 27
06 11 14 17 20 27
06 12 17 18 19 22
06 12 21 22 23 25
06 13 20 22 23 25
06 14 15 20 21 26
06 15 22 23 24 27
07 08 10 11 13 21
07 08 10 19 23 25
07 08 15 16 25 27
07 09 10 13 19 22
07 09 11 12 20 27
07 09 17 19 21 25
07 10 12 15 21 25
07 11 13 14 16 26
07 11 15 18 19 20
07 12 15 16 17 22
07 12 16 19 20 21
07 12 18 21 24 25
07 14 15 19 24 26
07 14 16 17 18 27
07 14 18 22 25 27
07 17 19 21 23 26
07 18 19 21 26 27
08 09 11 18 23 27
08 09 12 13 20 22
08 09 13 24 25 26
08 10 11 12 21 25
08 10 11 16 20 25
08 10 13 16 17 25
08 10 17 21 22 24
08 12 17 20 23 26
08 13 15 19 23 24
08 14 15 17 18 21
08 14 16 21 23 26
08 15 16 18 21 26
08 16 18 20 22 24
09 10 11 15 19 27
09 10 13 15 17 27
09 10 14 15 23 25
09 11 14 15 18 24
09 12 13 14 16 26
09 13 16 18 19 21
09 14 19 21 22 27
09 15 16 17 20 23
09 15 16 18 19 25
09 16 22 24 25 26
10 11 12 13 22 24
10 11 14 15 17 22
10 11 14 20 22 23
10 12 15 18 20 23
10 13 17 18 20 27
10 17 18 19 24 25
10 17 21 23 24 27
10 19 23 24 25 26
11 12 13 20 21 24
11 12 16 18 25 26
11 13 17 20 24 26
11 14 18 21 22 25
12 13 19 25 26 27
12 14 16 18 24 27
12 14 17 22 25 26
12 15 17 18 19 20
12 15 17 22 25 27
13 14 17 20 24 25
13 15 18 22 23 26
13 15 20 21 24 25
14 16 17 19 22 23