01 02 03 06 09 21
01 02 04 07 13 19
01 02 05 08 12 20
01 02 05 12 15 17
01 02 05 16 17 18
01 02 08 12 16 17
01 02 08 15 17 20
01 02 08 16 18 20
01 02 10 11 14 22
01 02 12 15 16 18
01 03 04 09 14 18
01 03 07 09 20 22
01 03 09 10 12 13
01 03 09 11 17 19
01 04 06 12 19 22
01 04 10 17 21 22
01 04 11 13 20 21
01 05 08 17 18 20
01 05 12 16 18 20
01 05 15 17 18 20
01 06 07 13 14 17
01 06 10 14 19 20
01 06 11 13 18 22
01 07 10 18 19 21
01 07 11 12 14 21
01 08 12 15 17 18
01 12 15 16 17 20
02 03 04 13 17 22
02 03 07 12 14 19
02 03 10 18 19 22
02 03 11 13 14 20
02 04 06 14 18 21
02 04 09 10 19 20
02 04 09 11 12 22
02 05 08 12 17 18
02 05 12 15 18 20
02 05 12 16 17 20
02 06 07 20 21 22
02 06 10 12 13 21
02 06 11 17 19 21
02 07 09 10 14 17
02 07 09 11 13 18
02 08 12 15 18 20
02 15 16 17 18 20
03 04 05 06 07 08
03 04 05 06 11 15
03 04 05 07 10 15
03 04 05 07 11 16
03 04 05 08 10 11
03 04 05 08 13 15
03 04 06 08 10 15
03 04 06 10 15 16
03 04 07 08 11 16
03 04 12 19 20 21
03 05 06 10 11 16
03 06 07 08 10 16
03 06 07 08 11 15
03 06 12 14 17 22
03 06 13 18 19 20
03 07 10 11 15 16
03 07 13 17 18 21
03 10 14 17 20 21
03 11 12 18 21 22
04 05 06 07 10 16
04 06 07 11 15 16
04 06 08 10 11 16
04 06 09 13 17 20
04 07 08 10 11 15
04 07 09 12 17 21
04 07 14 18 20 22
04 10 12 13 14 18
04 11 14 17 18 19
05 06 07 08 10 11
05 06 07 10 11 15
05 06 08 11 13 15
05 07 08 10 13 15
05 08 09 14 16 19
05 08 09 14 21 22
05 08 16 19 21 22
05 09 13 14 19 22
05 09 13 16 19 21
05 09 14 15 16 21
05 09 15 16 19 22
05 13 14 16 21 22
05 14 15 19 21 22
06 07 09 12 18 19
06 09 10 17 18 22
06 09 11 12 14 20
07 10 12 13 20 22
07 11 17 19 20 22
08 09 13 14 19 22
08 09 13 16 21 22
08 09 14 15 16 22
08 09 14 15 19 21
08 12 16 17 18 20
08 13 14 16 19 21
08 15 16 19 21 22
09 10 11 18 20 21
09 13 14 15 16 21
09 13 15 19 21 22
10 11 12 13 17 19
13 14 15 16 19 22