01 02 03 07 21 22
01 02 03 09 20 23
01 02 03 15 17 19
01 02 04 05 10 11
01 02 04 06 13 17
01 02 04 08 14 16
01 02 04 14 15 24
01 02 05 09 10 20
01 02 05 14 17 21
01 02 06 07 10 17
01 02 06 08 10 20
01 02 06 09 12 13
01 02 11 12 21 24
01 02 16 18 19 22
01 03 04 10 18 24
01 03 05 06 08 14
01 03 05 07 08 12
01 03 05 09 12 19
01 03 05 11 13 22
01 03 06 09 16 24
01 03 06 14 15 19
01 03 07 10 14 16
01 03 08 16 20 23
01 03 09 16 17 23
01 03 10 11 15 16
01 03 12 13 22 23
01 04 05 08 10 23
01 04 06 07 16 22
01 04 07 10 14 21
01 04 07 11 19 20
01 04 07 12 18 22
01 04 09 12 13 15
01 04 09 12 20 21
01 04 10 11 17 21
01 05 06 11 13 19
01 05 06 18 21 23
01 05 07 12 15 23
01 05 07 16 21 24
01 05 08 15 18 20
01 06 07 08 18 19
01 06 07 09 17 24
01 06 08 12 17 19
01 06 09 14 18 20
01 06 11 15 17 18
01 07 08 09 11 22
01 07 08 09 19 24
01 07 10 13 19 21
01 08 12 13 21 24
01 08 13 14 17 18
01 09 11 12 14 22
01 10 12 14 18 23
01 10 12 19 23 24
01 11 14 19 20 23
01 12 13 16 19 20
01 13 14 15 23 24
01 15 17 20 22 24
01 15 18 21 22 24
02 03 04 06 13 20
02 03 04 08 09 19
02 03 04 13 14 18
02 03 05 06 20 24
02 03 05 07 10 23
02 03 05 08 16 17
02 03 07 11 15 18
02 03 08 09 12 18
02 03 10 11 14 19
02 03 13 14 16 21
02 04 05 07 11 15
02 04 07 13 18 21
02 04 08 09 19 20
02 04 09 10 11 16
02 04 09 15 21 22
02 04 09 16 17 24
02 04 11 17 22 23
02 04 12 14 17 23
02 04 12 18 20 22
02 04 19 21 23 24
02 05 06 07 11 23
02 05 06 08 12 16
02 05 09 17 21 23
02 05 10 12 13 14
02 05 10 17 18 24
02 05 13 15 16 22
02 06 08 10 22 24
02 06 09 14 18 19
02 06 11 13 14 22
02 06 11 16 20 21
02 07 08 15 18 20
02 07 09 14 20 24
02 07 09 16 19 22
02 07 10 13 15 16
02 07 11 12 17 19
02 07 12 15 16 23
02 08 09 14 15 23
02 08 10 20 21 23
02 08 11 13 18 23
02 09 10 13 15 22
02 11 14 16 17 22
02 13 15 17 19 20
03 04 05 06 19 21
03 04 05 12 14 19
03 04 06 11 12 23
03 04 09 13 18 19
03 04 09 14 21 22
03 04 10 20 21 24
03 04 12 16 22 24
03 05 07 15 16 18
03 05 08 13 15 21
03 05 09 15 20 24
03 05 10 13 17 22
03 06 08 09 11 21
03 06 08 17 18 22
03 06 10 15 22 23
03 06 12 16 18 21
03 06 13 16 19 23
03 07 08 17 23 24
03 07 09 10 12 20
03 07 11 13 18 20
03 07 14 18 23 24
03 07 15 19 22 24
03 08 10 12 13 17
03 08 14 16 20 22
03 09 11 14 17 24
03 09 15 20 21 23
03 11 12 16 17 18
03 12 14 15 17 24
03 17 18 19 20 21
04 05 06 16 17 20
04 05 08 13 19 24
04 05 09 11 18 24
04 05 11 13 16 21
04 05 12 13 15 17
04 06 08 11 14 24
04 06 08 15 19 22
04 06 08 18 20 23
04 06 10 12 15 24
04 07 08 10 12 16
04 07 08 15 17 21
04 07 09 13 17 23
04 07 14 17 18 20
04 07 16 17 20 24
04 08 10 11 13 18
04 09 10 17 19 22
04 10 13 14 15 20
04 10 19 20 21 22
04 13 14 20 22 23
04 15 16 18 19 23
05 06 07 09 13 14
05 06 07 09 15 17
05 06 10 14 18 22
05 06 11 15 23 24
05 06 12 14 17 22
05 07 08 20 21 22
05 07 11 18 19 21
05 07 14 15 19 22
05 08 09 11 17 20
05 08 10 11 19 22
05 08 10 12 17 24
05 09 11 16 19 21
05 09 12 22 23 24
05 10 12 15 19 21
05 10 14 16 19 24
05 11 12 14 16 18
05 12 13 17 20 23
05 14 16 20 21 23
05 17 18 19 22 23
06 07 09 12 14 16
06 07 12 13 18 24
06 07 12 14 15 21
06 07 19 20 21 23
06 08 13 15 20 21
06 09 10 16 18 21
06 09 15 16 20 24
06 09 19 20 22 23
06 10 11 12 13 19
06 10 14 16 17 23
06 10 14 17 20 24
06 12 18 19 22 24
06 13 17 21 22 24
07 08 10 15 18 19
07 08 11 16 21 23
07 08 13 14 22 23
07 09 10 11 18 23
07 10 11 20 22 24
07 11 13 14 16 17
08 09 10 11 22 23
08 09 10 14 15 16
08 09 13 16 18 22
08 11 12 15 20 22
08 11 15 16 19 24
08 12 14 18 21 24
08 12 19 21 22 23
08 14 16 17 19 21
09 10 13 21 23 24
09 11 12 13 20 21
09 11 13 15 19 24
09 12 15 17 18 21
10 11 15 17 19 20
10 12 16 17 21 22
10 13 16 18 20 24
11 13 18 21 22 23
11 14 15 18 21 22
11 16 18 20 23 24
12 13 14 19 20 24
13 15 16 17 18 23