01 02 03 05 15 26
01 02 03 06 08 19
01 02 03 11 24 29
01 02 03 23 26 29
01 02 04 07 23 28
01 02 04 08 16 17
01 02 04 10 12 14
01 02 04 18 20 28
01 02 05 08 10 27
01 02 05 09 17 25
01 02 06 08 21 23
01 02 06 12 13 25
01 02 07 13 16 22
01 02 09 17 19 21
01 02 10 13 19 28
01 02 11 15 18 26
01 02 14 15 21 29
01 02 14 19 23 28
01 02 15 16 18 27
01 02 16 20 22 27
01 03 04 05 10 20
01 03 04 15 20 22
01 03 04 17 22 23
01 03 05 08 16 18
01 03 06 07 10 26
01 03 06 10 14 18
01 03 07 21 27 28
01 03 09 11 20 25
01 03 09 12 16 29
01 03 09 14 15 28
01 03 11 16 17 28
01 03 12 19 25 27
01 03 12 23 24 27
01 03 13 14 26 29
01 04 05 06 07 17
01 04 05 09 22 28
01 04 05 12 16 26
01 04 06 07 16 21
01 04 06 11 18 29
01 04 08 09 13 29
01 04 08 14 17 19
01 04 08 19 25 28
01 04 09 11 18 27
01 04 10 21 24 25
01 04 13 14 16 17
01 04 15 19 26 29
01 04 16 19 20 24
01 04 16 21 22 25
01 05 06 11 13 23
01 05 07 12 17 28
01 05 08 15 23 24
01 05 09 18 21 25
01 05 10 11 19 22
01 05 12 20 21 26
01 05 13 15 24 25
01 05 14 17 25 29
01 05 14 20 21 27
01 05 19 21 23 29
01 06 07 16 17 25
01 06 08 11 12 28
01 06 09 14 20 27
01 06 09 15 20 26
01 06 09 16 24 27
01 06 15 17 24 27
01 06 17 18 19 20
01 06 22 25 28 29
01 07 08 09 11 14
01 07 08 18 22 29
01 07 08 20 25 29
01 07 09 13 19 24
01 07 10 15 23 25
01 07 11 19 20 26
01 07 12 18 24 25
01 07 12 22 24 29
01 07 14 18 19 22
01 08 09 24 26 27
01 08 10 11 13 15
01 08 10 16 17 20
01 08 11 12 15 18
01 08 12 13 15 22
01 08 12 20 23 26
01 08 14 22 24 26
01 09 10 13 18 21
01 09 10 16 22 23
01 09 12 14 15 17
01 09 12 18 22 23
01 10 11 16 28 29
01 10 11 17 26 27
01 10 14 23 24 29
01 10 15 21 22 28
01 11 12 13 14 17
01 11 14 15 16 25
01 11 15 20 21 23
01 12 13 16 27 29
01 12 18 19 20 27
01 13 17 18 23 28
01 13 18 20 24 28
01 14 16 18 25 26
01 16 17 20 27 29
01 16 19 21 24 28
01 17 21 22 24 26
01 21 23 25 26 27
02 03 04 06 18 22
02 03 04 09 12 14
02 03 04 20 21 25
02 03 05 07 11 12
02 03 05 08 28 29
02 03 05 17 20 24
02 03 06 09 11 17
02 03 06 15 23 26
02 03 06 16 27 28
02 03 07 08 18 24
02 03 07 09 10 20
02 03 07 09 14 22
02 03 10 15 19 24
02 03 10 15 21 22
02 03 10 17 21 26
02 03 12 16 17 21
02 03 13 14 23 25
02 03 16 23 26 27
02 04 05 06 20 24
02 04 05 18 25 26
02 04 06 13 19 27
02 04 07 08 16 19
02 04 07 19 25 29
02 04 08 10 18 25
02 04 09 23 28 29
02 04 10 13 22 26
02 04 10 16 21 24
02 04 11 15 17 24
02 04 11 21 22 25
02 04 12 17 26 29
02 05 06 12 24 29
02 05 06 15 21 28
02 05 07 22 23 26
02 05 08 15 16 19
02 05 09 13 16 18
02 05 10 11 16 29
02 05 11 14 16 21
02 05 12 13 21 27
02 05 12 15 27 28
02 05 14 19 22 24
02 06 07 08 14 15
02 06 07 13 18 29
02 06 08 10 14 26
02 06 09 10 11 22
02 06 11 20 27 28
02 06 12 15 19 23
02 06 14 20 23 24
02 06 16 19 25 26
02 07 08 13 17 24
02 07 09 10 15 27
02 07 09 18 22 28
02 07 11 21 22 23
02 07 12 16 25 29
02 07 13 24 25 27
02 07 14 15 17 27
02 07 18 20 21 24
02 07 21 24 25 28
02 08 09 13 15 23
02 08 09 14 16 21
02 08 11 13 19 20
02 08 11 13 24 29
02 08 12 18 22 28
02 08 14 17 21 27
02 08 15 20 25 29
02 08 22 25 26 28
02 09 11 13 21 26
02 09 12 24 26 27
02 09 14 18 20 25
02 09 15 18 22 24
02 10 11 12 23 27
02 10 12 18 20 23
02 10 14 17 26 28
02 10 17 18 23 25
02 11 14 22 25 27
02 12 13 20 21 26
02 12 17 19 20 22
02 13 14 18 24 28
02 13 15 16 17 28
02 14 16 20 23 29
02 14 17 22 26 29
02 16 19 24 25 28
02 18 19 21 27 29
03 04 05 07 08 13
03 04 05 13 19 28
03 04 06 07 11 17
03 04 07 15 25 27
03 04 08 14 20 24
03 04 09 11 14 26
03 04 09 15 18 19
03 04 10 16 25 29
03 04 10 17 18 19
03 04 12 20 27 28
03 04 13 21 24 26
03 04 15 19 21 24
03 05 06 18 24 28
03 05 06 26 27 29
03 05 07 08 19 22
03 05 08 10 21 23
03 05 09 10 17 22
03 05 09 21 23 24
03 05 09 22 25 26
03 05 14 15 17 23
03 05 14 16 22 24
03 05 15 17 21 29
03 05 16 17 21 22
03 06 07 09 15 16
03 06 08 13 17 21
03 06 08 19 22 23
03 06 10 13 22 23
03 06 11 12 14 21
03 06 13 15 16 20
03 06 14 17 24 25
03 06 20 21 25 29
03 07 09 24 26 29
03 07 10 11 24 26
03 07 12 14 19 26
03 07 12 15 22 29
03 07 13 20 21 23
03 07 14 16 21 29
03 07 14 17 23 26
03 07 16 22 24 28
03 07 18 20 23 29
03 08 09 12 14 18
03 08 09 19 27 29
03 08 10 11 25 28
03 08 11 12 16 26
03 08 11 21 22 27
03 08 12 15 17 26
03 08 12 15 24 25
03 08 17 20 22 27
03 09 10 13 16 19
03 09 13 17 18 27
03 09 15 27 28 29
03 10 12 13 20 29
03 10 12 13 23 28
03 10 12 21 24 26
03 10 13 15 17 29
03 10 14 16 18 27
03 11 13 15 19 21
03 11 13 18 22 25
03 11 15 18 20 27
03 11 16 17 19 23
03 11 17 19 28 29
03 12 13 14 22 27
03 12 13 16 19 23
03 12 19 20 21 25
03 18 21 25 26 28
03 19 20 22 26 28
04 05 06 07 14 25
04 05 07 09 21 26
04 05 07 14 24 27
04 05 08 12 23 24
04 05 09 10 17 24
04 05 10 19 23 26
04 05 11 13 23 27
04 05 11 16 17 29
04 05 13 17 20 29
04 05 14 15 21 22
04 06 08 10 11 15
04 06 08 14 27 29
04 06 09 12 13 25
04 06 09 12 18 23
04 06 09 19 21 22
04 06 10 12 15 20
04 06 10 15 26 27
04 06 15 23 28 29
04 06 16 18 23 24
04 06 17 24 26 28
04 07 08 09 17 22
04 07 09 10 18 28
04 07 09 20 22 27
04 07 10 11 13 14
04 07 10 11 18 28
04 07 11 14 20 26
04 07 12 13 15 18
04 07 14 19 24 29
04 07 20 22 23 26
04 08 09 16 23 25
04 08 09 21 26 28
04 08 10 12 21 29
04 08 11 14 15 23
04 08 13 15 22 27
04 08 18 20 26 27
04 09 15 16 20 21
04 10 19 20 23 27
04 11 12 13 16 24
04 11 12 16 19 22
04 11 12 18 25 29
04 11 13 24 25 28
04 11 16 21 28 29
04 12 17 21 23 27
04 12 18 19 21 28
04 13 14 18 21 23
04 13 19 25 26 27
04 14 15 16 22 28
04 15 17 20 25 26
04 15 17 20 28 29
04 16 17 25 27 28
04 18 22 24 27 29
04 20 22 23 24 25
05 06 07 18 21 27
05 06 08 16 17 22
05 06 09 11 13 18
05 06 09 14 23 26
05 06 10 13 17 27
05 06 10 19 21 25
05 06 11 20 23 25
05 06 11 20 24 26
05 06 12 14 20 22
05 06 15 16 19 29
05 07 08 09 12 19
05 07 08 10 13 14
05 07 08 15 17 18
05 07 09 11 15 29
05 07 10 13 16 20
05 07 11 14 16 25
05 07 16 18 23 25
05 07 19 20 24 27
05 07 22 23 24 27
05 08 09 11 19 20
05 08 11 12 17 25
05 08 11 17 18 21
05 08 13 18 25 27
05 08 16 24 26 29
05 08 18 19 23 27
05 09 12 15 16 27
05 09 14 19 20 28
05 09 20 23 27 29
05 10 12 15 25 28
05 10 15 18 20 22
05 10 18 26 28 29
05 10 22 25 27 29
05 11 13 18 22 26
05 11 13 20 21 24
05 11 14 24 27 28
05 11 15 19 26 28
05 12 13 17 19 26
05 12 13 23 24 25
05 12 14 18 19 29
05 13 21 22 28 29
05 14 18 20 23 26
05 16 20 23 25 28
05 17 19 22 27 28
06 07 08 12 20 27
06 07 08 20 26 28
06 07 10 17 23 29
06 07 11 15 22 24
06 07 11 19 25 27
06 07 12 19 26 28
06 07 13 14 22 28
06 07 16 18 27 28
06 08 09 18 24 25
06 08 10 19 20 29
06 08 13 17 25 26
06 08 15 18 19 28
06 09 10 12 17 29
06 09 10 18 23 25
06 09 10 21 27 28
06 09 14 16 19 28
06 09 14 20 21 26
06 09 16 18 19 20
06 09 20 21 22 29
06 10 11 13 20 25
06 10 12 16 18 28
06 10 13 22 24 27
06 10 14 19 21 24
06 11 14 16 17 18
06 11 16 21 26 29
06 11 19 21 23 24
06 12 13 19 24 29
06 12 16 21 23 25
06 12 18 22 26 27
06 13 14 15 18 26
06 13 15 20 21 26
06 13 17 19 21 22
06 15 22 23 25 27
06 17 20 23 26 28
07 08 11 16 23 27
07 08 15 16 20 28
07 08 15 19 21 24
07 08 17 21 25 26
07 09 10 12 22 25
07 09 12 15 21 23
07 09 16 17 18 26
07 09 19 23 25 28
07 10 12 18 19 27
07 10 12 21 22 26
07 10 14 27 28 29
07 10 15 16 17 19
07 11 13 17 19 21
07 11 15 21 25 26
07 12 14 15 20 25
07 12 14 16 23 24
07 13 15 23 24 26
07 13 17 20 22 25
07 13 26 27 28 29
07 17 20 21 24 29
08 09 10 13 26 28
08 09 10 15 22 29
08 09 13 17 20 23
08 10 12 16 17 24
08 10 13 18 19 26
08 10 14 15 20 25
08 10 16 19 28 29
08 10 22 23 24 28
08 11 22 23 26 29
08 12 13 14 16 28
08 13 16 21 25 27
08 13 21 23 28 29
08 14 17 18 28 29
08 14 17 19 23 25
08 14 19 21 22 25
08 15 18 23 27 28
08 16 18 20 21 22
08 17 19 24 27 28
09 10 11 12 14 19
09 10 11 18 21 23
09 10 15 25 27 28
09 10 19 20 26 29
09 11 12 17 21 25
09 11 12 20 24 28
09 11 13 16 22 24
09 11 13 16 26 28
09 11 16 17 22 27
09 11 17 23 24 29
09 12 13 22 24 28
09 13 14 21 25 29
09 13 14 22 23 27
09 14 15 17 20 24
09 15 17 19 23 27
09 15 19 22 25 26
09 16 18 26 28 29
09 17 24 25 27 29
10 11 14 20 22 29
10 11 20 21 24 27
10 12 14 15 18 24
10 12 17 19 24 27
10 13 14 16 25 26
10 14 17 18 22 25
10 14 17 20 21 28
10 15 16 21 23 26
10 16 20 24 25 26
10 18 19 22 23 29
11 12 13 15 27 29
11 12 16 17 18 20
11 12 23 25 26 29
11 13 14 20 22 26
11 14 18 19 27 29
11 14 18 21 23 28
11 15 17 22 23 28
11 16 18 19 24 25
11 18 19 23 24 26
11 20 22 23 27 28
12 14 23 25 28 29
12 14 25 26 27 28
12 15 16 22 26 27
12 15 20 24 28 29
12 16 17 22 23 28
12 17 18 21 22 24
13 14 15 19 20 27
13 16 19 22 23 29
13 17 18 23 24 27
13 18 19 20 25 29
14 15 21 24 26 27
14 16 19 21 26 27
15 16 18 23 24 29
15 17 18 21 25 29
15 19 22 24 25 29