01 02 03 09 10 20
01 02 04 11 12 17
01 02 04 15 16 19
01 02 05 11 15 17
01 02 06 12 16 19
01 02 07 08 14 21
01 02 07 13 18 21
01 02 08 13 14 18
01 03 04 11 15 16
01 03 05 12 16 18
01 03 05 14 17 19
01 03 06 07 15 19
01 04 05 06 10 20
01 04 07 08 13 18
01 04 07 13 14 21
01 04 08 14 18 21
01 04 09 12 17 19
01 05 07 09 11 12
01 06 09 11 14 16
01 06 09 15 17 18
01 07 10 16 17 20
01 08 13 14 18 21
01 10 11 18 19 20
01 10 12 14 15 20
02 03 04 05 06 09
02 03 07 09 16 17
02 03 09 11 18 19
02 03 09 12 14 15
02 04 07 08 13 14
02 04 07 08 13 21
02 04 07 08 18 21
02 04 10 11 12 16
02 04 13 14 18 21
02 04 15 17 19 20
02 05 07 12 19 20
02 05 10 12 17 18
02 05 11 14 16 20
02 06 07 10 11 15
02 06 10 14 17 19
02 06 15 16 18 20
03 04 07 10 12 19
03 04 10 15 17 18
03 04 14 16 19 20
03 05 07 10 11 14
03 05 07 15 18 20
03 06 07 14 18 20
03 06 08 11 12 21
03 06 08 12 13 17
03 06 10 14 16 18
03 06 11 13 17 21
03 06 15 16 19 20
03 08 11 12 13 20
03 08 11 17 20 21
03 12 13 17 20 21
04 05 06 07 16 17
04 05 06 11 18 19
04 05 06 12 14 15
04 07 09 11 15 20
04 09 10 11 14 17
04 09 12 16 18 20
05 07 09 10 14 18
05 08 09 13 15 16
05 08 09 15 19 21
05 08 10 13 16 19
05 08 10 15 16 21
05 09 10 11 12 17
05 09 13 16 19 21
05 09 14 17 18 20
05 10 13 15 19 21
06 07 09 10 12 18
06 07 09 14 19 20
06 08 11 13 17 20
06 08 12 17 20 21
06 11 12 13 20 21
07 11 16 17 18 19
07 12 14 15 16 17
08 09 10 13 15 19
08 09 10 16 19 21
09 10 13 15 16 21
11 12 14 15 18 19