01 02 03 05 15 20
01 02 03 08 12 19
01 02 03 08 23 26
01 02 04 06 07 15
01 02 04 11 16 26
01 02 04 16 19 24
01 02 05 16 19 26
01 02 05 21 22 23
01 02 06 08 17 22
01 02 06 09 14 17
01 02 06 13 17 22
01 02 08 10 16 17
01 02 08 11 12 14
01 02 09 11 18 25
01 02 10 16 18 23
01 02 10 17 18 24
01 02 13 17 19 25
01 03 04 06 08 25
01 03 04 18 22 23
01 03 05 07 16 22
01 03 05 11 12 23
01 03 06 07 10 11
01 03 07 10 12 23
01 03 08 11 17 20
01 03 09 14 17 19
01 03 10 14 21 26
01 03 11 16 18 25
01 03 12 13 15 20
01 04 05 09 18 21
01 04 05 12 15 16
01 04 06 12 17 21
01 04 07 09 12 26
01 04 07 14 18 24
01 04 09 10 13 25
01 04 10 11 19 23
01 04 10 12 17 18
01 04 11 14 16 21
01 04 14 15 20 22
01 04 14 15 21 23
01 05 06 07 10 12
01 05 06 11 13 24
01 05 07 10 18 23
01 05 08 09 16 18
01 05 09 10 15 19
01 05 09 11 17 23
01 05 09 24 25 26
01 05 13 14 17 20
01 06 09 12 20 26
01 06 09 19 21 22
01 06 10 16 20 23
01 06 14 16 22 25
01 06 15 18 19 26
01 07 08 15 23 24
01 07 08 19 20 25
01 07 09 11 13 20
01 07 13 21 22 25
01 07 14 18 19 20
01 07 15 17 25 26
01 08 10 11 20 22
01 08 10 14 24 26
01 08 11 17 18 21
01 08 13 15 18 22
01 08 15 17 22 25
01 09 11 13 16 19
01 09 12 18 23 25
01 11 15 16 21 24
01 12 13 14 16 23
01 12 18 20 24 25
01 12 19 22 24 26
01 13 15 18 21 26
01 20 21 23 24 25
02 03 04 06 11 15
02 03 04 12 22 23
02 03 05 10 11 17
02 03 05 11 14 19
02 03 06 07 14 17
02 03 06 07 20 24
02 03 07 09 18 21
02 03 09 12 16 24
02 03 09 13 14 22
02 03 10 21 22 25
02 03 13 18 19 23
02 03 14 16 20 23
02 03 15 19 21 22
02 04 05 06 14 19
02 04 05 07 13 26
02 04 06 12 13 18
02 04 07 10 12 26
02 04 08 13 16 21
02 04 08 14 18 26
02 04 08 17 20 25
02 04 09 15 17 23
02 04 13 14 18 20
02 04 14 17 22 26
02 05 06 08 09 18
02 05 06 09 15 22
02 05 07 08 15 20
02 05 07 12 18 25
02 05 09 10 18 20
02 05 09 13 24 26
02 05 11 13 15 16
02 05 17 23 24 25
02 06 07 11 21 23
02 06 08 12 19 23
02 06 08 15 24 25
02 06 09 16 25 26
02 06 10 15 19 26
02 06 11 12 20 22
02 07 08 09 10 22
02 07 08 14 16 25
02 07 09 15 19 22
02 07 10 11 14 15
02 07 11 16 17 20
02 08 09 10 11 21
02 08 11 22 24 25
02 09 12 14 19 20
02 09 14 19 21 25
02 10 12 13 20 21
02 10 13 14 23 24
02 10 13 19 20 22
02 11 18 19 20 21
02 12 14 15 17 21
02 12 20 21 25 26
02 15 18 20 23 24
02 16 18 22 25 26
03 04 05 06 18 26
03 04 05 07 20 21
03 04 05 16 19 23
03 04 07 12 15 16
03 04 07 13 16 22
03 04 08 09 12 16
03 04 08 10 14 24
03 04 09 19 20 26
03 04 11 13 15 22
03 04 17 21 24 25
03 05 06 08 22 26
03 05 06 13 16 21
03 05 08 09 12 24
03 05 13 17 18 24
03 05 14 15 18 25
03 05 14 20 24 25
03 05 20 21 23 24
03 06 07 09 10 17
03 06 09 13 20 25
03 06 10 12 14 26
03 06 11 12 14 19
03 06 11 13 14 21
03 06 15 17 21 23
03 06 18 23 24 26
03 07 08 12 14 21
03 07 09 10 16 26
03 07 10 11 13 18
03 07 11 19 24 26
03 07 13 15 17 26
03 07 19 22 23 25
03 08 10 12 18 19
03 08 10 15 16 20
03 08 11 16 17 23
03 08 13 19 21 24
03 09 10 15 22 24
03 09 11 12 21 23
03 09 13 15 23 26
03 10 16 19 25 26
03 11 12 13 25 26
03 11 15 20 22 25
03 12 17 18 20 22
03 14 15 16 17 24
04 05 06 11 15 21
04 05 08 11 12 20
04 05 08 15 17 18
04 05 08 15 22 25
04 05 09 12 22 25
04 05 10 12 17 19
04 05 10 18 20 26
04 06 07 08 13 19
04 06 07 09 23 25
04 06 09 10 13 14
04 06 09 10 21 24
04 06 10 16 18 22
04 06 12 14 20 21
04 06 14 23 25 26
04 06 16 17 22 24
04 07 10 16 24 25
04 07 11 17 19 22
04 07 13 17 20 23
04 08 10 11 13 17
04 08 16 23 24 26
04 08 21 22 23 26
04 09 11 13 14 21
04 09 11 18 20 24
04 10 11 20 23 26
04 11 12 14 19 25
04 12 13 15 24 26
04 12 15 16 23 25
04 13 14 16 17 18
04 13 16 19 20 22
04 15 18 19 21 25
04 15 19 20 24 25
05 06 07 11 14 22
05 06 12 16 17 26
05 06 13 18 19 20
05 06 13 23 25 26
05 06 15 20 22 23
05 07 08 16 18 22
05 07 09 14 23 26
05 07 11 15 19 24
05 07 11 21 25 26
05 07 13 17 21 22
05 07 20 21 22 24
05 08 09 10 11 19
05 08 10 13 23 25
05 08 12 13 14 22
05 08 17 19 21 26
05 09 12 13 15 19
05 09 16 17 20 25
05 10 11 13 15 18
05 10 14 16 21 24
05 10 14 19 21 25
05 10 15 22 24 26
05 11 14 18 22 23
05 12 15 21 23 24
05 18 19 22 24 25
06 07 09 15 16 18
06 07 12 15 19 23
06 07 14 20 22 26
06 07 16 21 24 26
06 08 09 11 15 20
06 08 10 13 17 26
06 08 11 16 18 24
06 08 14 15 17 23
06 08 14 18 20 21
06 09 11 16 19 25
06 09 13 16 22 23
06 10 11 17 18 25
06 10 12 15 22 25
06 10 17 19 20 24
06 13 14 15 24 25
06 15 17 18 20 21
06 17 18 19 21 25
07 08 09 11 14 16
07 08 09 12 17 24
07 08 09 18 19 22
07 08 10 15 20 21
07 08 12 14 17 25
07 08 18 20 23 25
07 10 13 16 24 25
07 10 14 19 21 23
07 11 12 13 21 24
07 11 14 16 21 23
07 12 13 22 23 24
07 12 15 18 22 23
07 12 16 19 20 21
07 13 14 18 19 26
07 16 17 18 19 23
08 09 12 13 14 17
08 09 14 19 23 24
08 09 15 21 25 26
08 09 20 22 23 24
08 11 12 15 18 26
08 12 13 16 21 25
08 13 16 20 24 26
08 13 17 18 24 25
08 13 19 20 21 23
08 14 15 16 19 22
09 10 12 14 18 26
09 10 12 14 20 25
09 10 13 18 21 23
09 10 15 16 23 26
09 11 12 15 17 19
09 11 17 18 22 26
09 14 15 17 20 24
09 16 17 20 21 22
10 11 12 16 21 22
10 11 12 17 23 24
10 12 17 19 22 24
10 13 15 16 17 19
10 13 17 21 22 26
10 14 17 22 23 25
10 16 18 19 21 24
11 13 15 20 23 25
11 13 19 22 23 26
11 14 15 16 20 26
11 14 16 22 24 25
11 14 17 20 24 26
12 14 18 21 22 24
12 16 18 19 20 24
12 17 19 20 23 26
13 17 19 21 24 26
16 17 18 21 23 26