01 02 03 04 06 25
01 02 03 09 14 26
01 02 03 22 23 30
01 02 04 05 16 26
01 02 04 13 22 27
01 02 04 17 21 24
01 02 05 07 24 28
01 02 05 08 11 18
01 02 05 10 23 28
01 02 05 21 24 30
01 02 06 10 12 22
01 02 06 10 15 30
01 02 07 11 17 18
01 02 07 14 20 27
01 02 08 15 17 19
01 02 08 16 26 29
01 02 09 12 13 19
01 02 09 13 20 21
01 02 11 16 23 27
01 02 12 14 15 28
01 02 14 17 22 25
01 02 15 19 20 26
01 03 04 06 17 27
01 03 04 15 16 22
01 03 04 16 20 22
01 03 05 08 15 24
01 03 05 10 22 23
01 03 05 13 15 27
01 03 06 08 26 28
01 03 06 10 20 25
01 03 06 14 16 23
01 03 07 08 11 13
01 03 07 09 20 29
01 03 07 18 21 27
01 03 08 16 18 28
01 03 09 11 20 25
01 03 09 13 17 21
01 03 10 11 22 30
01 03 10 17 20 26
01 03 12 22 24 29
01 03 14 19 28 30
01 04 05 10 13 29
01 04 05 12 17 27
01 04 05 17 20 22
01 04 07 09 10 22
01 04 07 10 19 24
01 04 07 14 23 26
01 04 08 18 20 30
01 04 09 24 25 26
01 04 10 16 18 20
01 04 11 15 28 29
01 04 12 15 21 23
01 04 13 17 19 23
01 04 13 26 29 30
01 04 20 25 27 29
01 05 06 08 09 21
01 05 06 11 26 30
01 05 06 22 24 27
01 05 07 12 15 19
01 05 08 16 19 22
01 05 08 21 24 28
01 05 09 11 18 26
01 05 09 18 19 29
01 05 12 16 18 20
01 05 13 14 18 25
01 05 14 17 24 29
01 05 17 21 26 28
01 06 07 08 17 23
01 06 07 14 20 30
01 06 07 15 16 30
01 06 09 22 29 30
01 06 10 11 27 28
01 06 11 12 19 20
01 06 13 19 20 29
01 06 14 18 22 27
01 06 15 17 23 24
01 06 21 24 25 28
01 07 08 19 21 29
01 07 09 10 13 24
01 07 12 13 14 19
01 07 12 25 27 30
01 07 13 16 17 28
01 07 15 23 25 29
01 07 20 24 26 28
01 08 09 12 23 25
01 08 09 16 27 30
01 08 10 14 26 27
01 08 10 16 20 24
01 08 11 12 14 24
01 08 11 14 15 24
01 08 15 18 25 29
01 08 21 22 25 28
01 09 10 15 18 24
01 09 11 12 22 28
01 09 13 14 15 30
01 09 14 16 17 24
01 09 16 21 27 28
01 09 16 23 28 29
01 09 19 25 26 27
01 10 12 13 18 26
01 10 12 16 21 29
01 10 12 16 23 24
01 10 14 15 20 21
01 10 17 19 25 30
01 11 13 19 22 23
01 11 14 19 21 29
01 11 16 17 20 25
01 11 16 21 23 30
01 12 13 14 28 30
01 12 15 23 26 30
01 12 18 19 20 23
01 12 18 19 24 27
01 13 15 16 17 21
01 13 16 18 22 24
01 13 23 24 27 30
01 15 20 21 22 26
01 17 18 23 28 29
01 20 21 22 25 27
01 24 26 27 29 30
02 03 04 06 12 26
02 03 04 18 19 27
02 03 05 06 17 24
02 03 05 11 14 27
02 03 06 19 23 29
02 03 07 11 26 29
02 03 07 12 19 22
02 03 07 15 23 28
02 03 08 09 10 21
02 03 08 15 25 30
02 03 09 10 12 14
02 03 10 13 16 20
02 03 10 20 22 23
02 03 11 24 28 30
02 03 12 21 26 27
02 03 14 23 29 30
02 03 16 17 18 28
02 04 05 09 23 30
02 04 06 08 14 28
02 04 06 20 23 28
02 04 07 08 17 29
02 04 07 15 20 30
02 04 08 09 13 20
02 04 08 09 24 27
02 04 10 11 14 25
02 04 11 12 21 23
02 04 12 13 22 30
02 04 13 15 24 26
02 04 16 18 19 21
02 04 17 21 28 29
02 04 19 20 23 26
02 05 06 12 13 29
02 05 07 08 14 30
02 05 07 22 25 26
02 05 08 11 25 30
02 05 08 12 18 22
02 05 09 11 16 21
02 05 09 15 28 29
02 05 09 19 22 28
02 05 11 12 15 18
02 05 12 19 24 29
02 05 14 15 16 27
02 05 14 18 20 26
02 05 19 20 21 25
02 06 07 09 18 28
02 06 07 10 15 21
02 06 07 11 13 15
02 06 08 11 20 22
02 06 09 26 27 29
02 06 10 14 17 18
02 06 12 16 23 28
02 06 13 16 19 30
02 06 14 24 25 27
02 06 16 17 24 26
02 07 09 13 19 24
02 07 09 14 19 25
02 07 10 11 23 26
02 07 12 16 24 25
02 07 13 16 23 29
02 07 19 21 22 27
02 08 10 17 25 27
02 08 11 12 19 26
02 08 13 18 21 23
02 08 13 25 27 28
02 08 18 22 24 26
02 09 12 17 20 30
02 09 13 26 27 28
02 09 15 16 22 23
02 09 15 22 25 29
02 09 18 23 24 27
02 10 11 14 15 21
02 10 11 20 24 29
02 10 13 15 17 27
02 10 16 17 19 22
02 10 18 27 29 30
02 10 19 22 24 28
02 10 25 26 28 30
02 11 13 14 17 19
02 11 13 18 25 29
02 11 17 23 27 30
02 12 15 17 20 27
02 12 17 23 24 25
02 13 15 21 25 26
02 14 16 18 21 24
02 14 16 20 22 28
02 14 17 22 23 26
02 14 18 20 29 30
02 15 18 20 25 28
02 15 21 22 24 29
02 16 20 27 29 30
02 18 21 25 26 30
02 19 21 23 24 25
03 04 05 07 14 26
03 04 05 08 18 24
03 04 05 10 21 30
03 04 06 07 09 12
03 04 07 08 09 15
03 04 07 12 16 28
03 04 07 13 23 27
03 04 07 20 25 26
03 04 08 19 23 28
03 04 08 22 29 30
03 04 09 15 20 28
03 04 11 12 20 30
03 04 12 15 22 23
03 04 13 14 21 24
03 04 17 18 25 26
03 04 21 22 25 27
03 05 06 10 16 19
03 05 06 10 25 29
03 05 07 09 16 30
03 05 08 12 14 17
03 05 08 13 20 29
03 05 09 18 23 26
03 05 11 16 19 24
03 05 11 21 22 29
03 05 11 23 24 27
03 05 12 13 25 28
03 05 15 19 20 30
03 05 16 19 23 25
03 06 07 15 27 30
03 06 08 11 18 23
03 06 08 16 27 29
03 06 09 17 18 30
03 06 11 12 21 25
03 06 13 15 23 24
03 06 13 19 20 30
03 06 13 21 22 28
03 06 14 17 19 21
03 06 14 18 20 24
03 06 15 18 22 26
03 07 08 10 18 19
03 07 08 16 17 25
03 07 08 21 23 24
03 07 10 14 15 25
03 07 17 19 20 22
03 07 17 23 27 28
03 07 21 24 28 30
03 08 09 16 22 27
03 08 12 20 23 28
03 08 13 17 26 30
03 08 14 15 21 29
03 08 14 19 20 21
03 09 10 11 13 18
03 09 10 18 22 28
03 09 13 19 22 25
03 09 17 19 23 29
03 09 19 21 24 26
03 09 24 25 29 30
03 10 11 15 17 23
03 10 12 18 24 26
03 10 17 24 25 28
03 10 22 24 26 27
03 11 13 14 18 22
03 11 15 16 19 26
03 12 13 15 19 25
03 12 13 15 24 29
03 12 14 16 24 30
03 12 16 17 18 29
03 12 20 26 27 30
03 13 14 26 28 29
03 14 17 25 27 28
03 15 18 20 21 27
03 16 17 25 29 30
03 16 21 23 25 26
03 19 20 27 28 29
03 20 22 23 25 30
04 05 06 10 20 27
04 05 06 14 15 28
04 05 06 14 19 30
04 05 07 08 11 16
04 05 07 13 20 22
04 05 09 10 21 22
04 05 09 13 17 19
04 05 11 13 20 28
04 05 11 17 18 23
04 05 15 20 24 25
04 05 16 17 25 27
04 05 16 18 21 29
04 06 07 10 15 18
04 06 07 20 21 26
04 06 08 10 23 26
04 06 08 19 20 22
04 06 09 11 16 25
04 06 09 12 16 19
04 06 09 13 18 21
04 06 11 13 15 17
04 06 11 18 24 29
04 06 16 22 24 27
04 06 17 23 25 30
04 07 11 12 17 24
04 07 11 19 25 28
04 07 14 15 17 18
04 07 21 25 29 30
04 08 10 12 15 25
04 08 11 16 21 26
04 08 11 21 22 27
04 08 12 21 23 29
04 08 13 14 16 25
04 08 14 19 22 29
04 09 10 16 26 29
04 09 11 14 27 30
04 09 11 15 19 30
04 09 11 17 22 26
04 09 12 14 18 29
04 10 12 13 17 28
04 10 13 15 21 22
04 10 13 16 27 28
04 10 14 17 20 21
04 10 15 19 27 29
04 10 18 22 23 25
04 11 13 19 23 29
04 11 14 18 25 26
04 11 15 18 24 30
04 12 14 15 20 21
04 12 18 26 27 28
04 12 19 20 21 24
04 12 19 22 25 26
04 13 18 19 22 28
04 14 15 26 27 28
04 14 22 23 24 28
04 15 16 18 23 27
04 15 21 25 27 30
04 16 17 24 28 30
04 16 20 23 24 29
04 17 18 19 26 30
04 18 24 26 28 30
05 06 07 12 22 23
05 06 08 15 16 21
05 06 08 19 27 28
05 06 09 13 17 22
05 06 09 23 24 30
05 06 10 11 14 22
05 06 10 16 17 18
05 06 13 15 18 23
05 06 17 19 25 26
05 06 17 20 25 28
05 07 09 16 20 21
05 07 09 17 27 29
05 07 09 18 20 23
05 07 10 11 12 20
05 07 10 14 18 25
05 07 11 13 21 25
05 07 13 18 28 30
05 07 16 17 21 23
05 07 24 27 28 29
05 08 10 13 15 22
05 08 10 13 19 26
05 08 11 23 25 29
05 08 12 16 21 30
05 08 17 24 25 26
05 08 20 23 26 27
05 09 10 12 19 20
05 09 10 16 25 27
05 09 12 25 28 30
05 09 14 15 26 29
05 09 14 20 22 24
05 10 12 24 26 28
05 10 14 15 16 28
05 10 14 18 21 24
05 10 15 23 26 30
05 11 14 17 19 23
05 11 15 22 24 25
05 12 13 16 23 24
05 12 14 16 18 29
05 12 15 18 26 29
05 12 17 21 27 30
05 13 14 21 22 30
05 13 19 21 26 27
05 14 21 23 27 29
05 15 17 18 21 28
05 15 17 20 29 30
05 16 22 26 28 29
05 18 19 22 27 30
06 07 08 13 19 24
06 07 09 13 17 25
06 07 10 16 24 25
06 07 11 14 16 29
06 07 11 14 28 30
06 07 12 13 14 27
06 07 18 19 26 29
06 07 22 25 28 29
06 08 09 14 22 25
06 08 10 14 25 29
06 08 10 17 18 22
06 08 12 13 21 30
06 08 12 18 25 27
06 08 14 17 21 30
06 08 15 28 29 30
06 09 10 13 14 26
06 09 10 19 21 28
06 09 10 20 23 24
06 09 11 15 19 20
06 09 11 16 24 28
06 09 12 16 21 26
06 09 15 20 23 27
06 10 12 15 24 30
06 10 13 19 23 25
06 10 20 22 28 30
06 11 17 19 21 27
06 11 18 20 21 23
06 11 25 26 27 30
06 12 13 20 24 28
06 12 14 17 20 29
06 12 15 16 22 29
06 12 17 19 26 28
06 13 16 18 23 26
06 13 16 20 25 26
06 14 15 19 22 25
06 18 21 25 27 29
06 21 23 24 26 29
06 22 23 24 26 27
07 08 09 12 15 26
07 08 09 14 26 27
07 08 10 20 25 27
07 08 12 13 22 26
07 08 15 16 20 24
07 08 15 21 26 28
07 08 15 21 27 28
07 08 17 22 23 28
07 08 22 24 29 30
07 09 10 17 26 29
07 09 11 14 22 27
07 09 11 15 21 24
07 09 11 18 20 27
07 09 14 19 20 28
07 09 16 18 22 25
07 09 16 19 20 23
07 10 12 18 20 25
07 10 12 23 27 29
07 10 13 17 19 28
07 10 13 23 28 30
07 10 14 16 21 22
07 10 17 19 24 29
07 10 17 21 26 30
07 11 12 18 23 30
07 11 16 19 22 27
07 11 17 22 24 30
07 11 21 22 26 30
07 12 13 14 21 30
07 12 20 21 28 29
07 13 15 22 24 26
07 13 18 20 22 29
07 14 15 18 19 22
07 14 18 23 24 25
07 16 17 18 26 27
07 16 19 23 26 30
08 09 10 11 17 28
08 09 10 11 19 30
08 09 11 14 18 23
08 09 12 24 25 28
08 09 13 24 28 29
08 09 17 18 19 25
08 09 18 20 21 29
08 09 20 26 28 30
08 10 11 16 18 28
08 10 12 17 22 29
08 10 12 19 21 28
08 10 13 24 27 30
08 10 16 23 24 30
08 11 13 15 18 27
08 11 15 25 26 29
08 11 17 20 21 24
08 12 15 16 17 20
08 12 19 27 29 30
08 13 14 15 20 23
08 13 16 17 22 23
08 14 16 18 19 28
08 14 17 18 23 30
08 14 20 24 27 28
08 15 19 23 25 27
08 17 19 23 24 26
09 10 14 20 25 30
09 10 17 21 23 27
09 11 12 13 23 29
09 11 12 24 26 27
09 12 13 20 22 27
09 12 15 17 21 25
09 12 22 26 27 29
09 13 14 15 17 23
09 13 15 16 18 30
09 14 15 18 26 27
09 14 21 23 25 28
09 15 17 19 22 24
09 19 21 22 23 30
10 11 12 13 16 27
10 11 13 21 24 25
10 11 13 21 29 30
10 11 18 19 20 26
10 11 20 26 28 29
10 12 14 19 23 27
10 12 18 21 23 28
10 13 14 24 28 29
10 14 16 18 29 30
10 15 16 25 26 28
10 15 20 22 23 29
10 19 21 22 26 29
11 12 13 18 25 27
11 12 14 16 17 26
11 12 15 22 27 28
11 12 19 28 29 30
11 13 14 17 22 29
11 13 16 20 24 26
11 13 17 28 29 30
11 13 23 25 26 28
11 14 15 20 23 30
11 14 18 21 26 28
11 15 17 26 27 29
11 16 17 20 22 29
11 16 18 22 25 30
11 17 20 22 23 28
11 19 24 25 27 28
12 14 16 20 23 25
12 14 16 21 22 25
12 14 16 22 26 30
12 14 20 25 26 29
12 15 18 19 21 30
12 17 18 21 22 24
13 14 16 19 20 27
13 15 16 19 21 29
13 17 18 20 24 27
13 17 20 21 23 26
13 17 22 25 27 29
13 19 20 24 25 30
14 15 19 24 26 30
14 17 19 24 27 29
15 16 21 24 25 27
15 17 22 27 28 30
15 18 19 23 24 28
16 18 19 25 28 29
16 20 21 27 28 30
18 22 23 27 28 29