01 02 03 04 10
01 02 03 04 12
01 02 03 07 09
01 02 04 07 08
01 02 04 08 09
01 02 04 10 11
01 02 05 09 11
01 02 05 13 14
01 02 05 15 16
01 02 06 11 12
01 02 06 13 15
01 02 06 14 16
01 02 07 10 12
01 02 08 13 16
01 02 08 14 15
01 03 04 05 09
01 03 04 06 08
01 03 05 06 09
01 03 05 07 09
01 03 05 08 09
01 03 05 10 12
01 03 06 07 10
01 03 06 07 12
01 03 11 13 16
01 03 11 14 15
01 04 05 06 08
01 04 05 07 10
01 04 06 09 10
01 04 06 13 14
01 04 06 15 16
01 04 07 09 11
01 04 07 11 12
01 04 08 11 12
01 05 06 08 12
01 05 06 10 11
01 05 07 08 12
01 05 08 11 12
01 06 07 13 16
01 06 07 14 15
01 06 09 10 11
01 07 08 09 11
01 07 09 10 11
01 08 10 13 15
01 08 10 14 16
01 09 12 13 15
01 09 12 14 16
02 03 04 05 08
02 03 04 06 09
02 03 04 08 11
02 03 05 07 10
02 03 05 09 12
02 03 06 09 12
02 03 06 10 11
02 03 06 13 16
02 03 06 14 15
02 03 07 10 12
02 03 08 09 10
02 03 09 11 12
02 04 05 11 12
02 04 05 13 14
02 04 05 15 16
02 04 06 07 12
02 04 06 08 10
02 04 06 09 11
02 04 07 09 10
02 05 06 07 08
02 05 06 13 14
02 05 06 15 16
02 05 07 08 09
02 05 07 10 12
02 05 08 10 11
02 06 07 09 10
02 07 11 13 16
02 07 11 14 15
02 08 12 13 15
02 08 12 14 16
02 09 10 13 15
02 09 10 14 16
03 04 05 06 10
03 04 06 11 12
03 04 07 08 09
03 04 07 13 15
03 04 07 14 16
03 04 08 10 11
03 04 09 10 11
03 05 06 07 12
03 05 06 08 10
03 05 11 13 15
03 05 11 14 16
03 06 07 09 11
03 07 08 13 16
03 07 08 14 15
03 07 11 13 14
03 07 11 15 16
03 08 12 13 14
03 08 12 15 16
03 09 10 13 14
03 09 10 15 16
04 05 06 07 09
04 05 07 08 11
04 05 08 09 10
04 05 11 13 15
04 05 11 14 16
04 05 12 13 16
04 05 12 14 15
04 06 07 08 12
04 06 07 10 11
04 09 12 13 16
04 09 12 14 15
04 10 12 13 16
04 10 12 14 15
05 06 07 10 15
05 06 09 11 12
05 07 11 13 15
05 07 11 14 16
05 08 09 10 12
05 09 10 13 16
05 09 10 14 15
06 07 08 11 12
06 08 09 13 15
06 08 09 14 16
06 08 11 13 16
06 08 11 14 15
06 10 12 13 15
06 10 12 14 16
07 08 10 13 14
07 08 10 15 16
07 09 12 13 14
07 09 12 15 16
08 09 11 13 14
08 09 11 15 16
08 13 14 15 16
10 11 12 13 14
10 11 12 15 16