01 02 03 04 05
01 02 03 12 15
01 02 04 06 09
01 02 04 07 10
01 02 04 08 13
01 02 04 16 17
01 02 05 14 17
01 02 06 11 12
01 02 07 15 16
01 02 09 12 13
01 02 09 14 16
01 02 13 14 17
01 03 04 14 15
01 03 05 09 15
01 03 05 09 17
01 03 05 12 14
01 03 06 08 17
01 03 06 10 16
01 03 07 08 11
01 03 07 09 13
01 03 07 15 17
01 03 08 09 10
01 03 10 13 15
01 03 11 13 16
01 04 05 12 17
01 04 06 11 14
01 04 07 15 16
01 04 09 12 16
01 04 09 13 14
01 04 12 13 17
01 05 06 07 08
01 05 06 08 16
01 05 06 13 15
01 05 07 11 13
01 05 08 09 15
01 05 08 11 17
01 05 09 10 11
01 05 10 11 13
01 05 10 15 16
01 05 13 16 17
01 06 07 15 17
01 06 08 15 16
01 06 09 12 14
01 06 10 13 16
01 07 09 16 17
01 07 10 12 14
01 07 12 15 16
01 07 14 15 16
01 08 09 11 15
01 08 10 11 16
01 08 10 15 17
01 08 12 13 14
01 09 10 15 17
01 10 11 15 17
01 12 14 16 17
02 03 04 11 17
02 03 04 15 16
02 03 06 07 14
02 03 06 12 13
02 03 08 12 16
02 03 08 14 15
02 03 09 11 12
02 03 10 11 14
02 03 10 12 17
02 04 05 11 15
02 04 05 11 16
02 04 05 15 17
02 04 06 07 13
02 04 06 08 10
02 04 06 12 14
02 04 07 08 09
02 04 09 10 13
02 05 06 10 17
02 05 06 14 16
02 05 07 09 12
02 05 08 10 12
02 05 09 13 14
02 05 12 16 17
02 06 08 11 14
02 06 09 12 15
02 06 10 14 15
02 07 08 10 14
02 07 08 12 17
02 07 09 11 17
02 07 10 12 16
02 07 11 14 15
02 08 09 14 17
02 11 12 13 15
02 13 14 16 17
03 04 06 07 12
03 04 06 13 14
03 04 08 12 15
03 04 08 14 16
03 04 09 11 14
03 04 10 11 12
03 04 10 14 17
03 05 06 08 09
03 05 06 11 15
03 05 07 08 11
03 05 07 10 15
03 05 07 13 15
03 05 07 16 17
03 05 08 13 17
03 05 09 10 16
03 05 10 13 16
03 05 11 13 17
03 06 07 11 16
03 06 09 10 11
03 06 09 16 17
03 06 10 15 17
03 07 08 10 13
03 07 09 10 15
03 07 09 13 16
03 07 11 13 17
03 08 09 11 13
03 09 13 15 17
03 11 12 14 17
03 12 14 15 16
04 05 06 10 17
04 05 06 12 16
04 05 07 09 14
04 05 08 10 14
04 05 09 12 13
04 05 14 16 17
04 06 08 11 12
04 06 09 14 15
04 06 10 12 15
04 07 08 10 12
04 07 08 14 17
04 07 09 11 17
04 07 10 14 16
04 07 11 12 15
04 08 09 12 17
04 11 13 14 15
04 12 13 16 17
05 06 07 08 15
05 06 07 09 11
05 06 08 11 13
05 06 10 12 17
05 06 10 14 17
05 07 08 13 16
05 07 09 10 11
05 07 10 13 17
05 07 11 15 17
05 08 09 11 16
05 08 13 15 16
05 09 10 13 15
05 09 15 16 17
05 11 12 14 15
05 11 12 14 16
05 12 14 15 17
06 07 08 16 17
06 07 09 10 16
06 07 10 11 13
06 07 12 13 14
06 08 09 13 16
06 08 10 12 14
06 08 13 15 17
06 09 11 13 16
06 09 11 13 17
06 09 13 15 16
06 10 11 13 16
06 11 15 16 17
07 08 09 12 14
07 08 09 13 15
07 08 09 13 17
07 08 09 15 16
07 08 11 13 16
07 09 11 12 17
07 09 11 14 17
07 10 13 15 17
08 09 10 11 15
08 09 10 16 17
08 10 11 13 17
08 10 13 15 16
08 11 15 16 17
09 10 11 15 16
09 10 12 13 14
10 11 15 16 17