01 02 03 04 10
01 02 03 07 12
01 02 03 08 09
01 02 04 06 10
01 02 04 06 12
01 02 05 07 11
01 03 05 06 09
01 03 05 07 10
01 03 06 08 11
01 03 06 08 12
01 04 05 07 08
01 04 09 11 12
01 05 08 10 12
01 06 07 09 10
01 08 10 11 12
02 03 04 07 09
02 03 05 06 08
02 03 09 10 11
02 04 05 07 09
02 04 08 11 12
02 05 09 10 12
02 06 07 08 10
02 06 09 11 12
03 04 05 11 12
03 04 06 07 11
03 04 08 10 12
03 06 09 10 12
03 07 08 09 11
04 05 06 10 11
04 05 08 09 10
04 06 08 09 12
04 07 10 11 12
05 06 07 11 12
05 07 08 09 12
05 08 09 10 11