01 02 03 04 09
01 02 03 06 12
01 02 03 07 09
01 02 03 10 17
01 02 04 06 17
01 02 04 07 18
01 02 04 10 18
01 02 04 12 18
01 02 05 07 18
01 02 05 13 14
01 02 05 15 16
01 02 06 13 15
01 02 06 14 16
01 02 07 10 12
01 02 08 09 17
01 02 08 10 11
01 02 08 13 16
01 02 08 14 15
01 02 09 11 18
01 03 04 08 09
01 03 04 10 12
01 03 05 13 18
01 03 05 14 18
01 03 05 15 18
01 03 05 16 18
01 03 06 07 10
01 03 06 08 17
01 03 06 09 18
01 03 07 09 12
01 03 07 09 17
01 03 11 12 18
01 03 11 13 16
01 03 11 14 15
01 04 05 07 10
01 04 05 08 11
01 04 05 09 17
01 04 06 08 18
01 04 06 10 18
01 04 06 11 18
01 04 06 13 14
01 04 06 15 16
01 04 07 08 12
01 04 07 09 11
01 04 09 10 11
01 05 06 08 12
01 05 06 09 11
01 05 06 10 11
01 05 07 08 09
01 05 07 12 17
01 05 08 10 17
01 05 09 10 12
01 06 07 13 16
01 06 07 14 15
01 06 09 10 17
01 07 08 11 18
01 07 09 10 11
01 07 09 10 18
01 07 10 17 18
01 08 09 12 18
01 08 10 13 15
01 08 10 14 16
01 09 12 13 15
01 09 12 14 16
01 11 12 13 17
01 11 12 14 17
01 11 12 15 17
01 11 12 16 17
01 13 14 17 18
01 15 16 17 18
02 03 04 05 08
02 03 04 09 10
02 03 04 10 12
02 03 05 07 12
02 03 05 08 10
02 03 05 10 11
02 03 06 12 17
02 03 06 13 16
02 03 06 14 15
02 03 07 10 18
02 03 08 09 17
02 03 08 11 18
02 03 09 11 12
02 03 09 12 18
02 04 05 07 10
02 04 05 08 09
02 04 06 11 13
02 04 06 11 14
02 04 06 11 15
02 04 06 11 16
02 04 07 09 12
02 04 07 11 17
02 04 08 10 18
02 04 13 14 17
02 04 15 16 17
02 05 06 07 08
02 05 06 07 10
02 05 06 09 12
02 05 06 10 18
02 05 07 09 18
02 05 08 11 17
02 05 09 11 17
02 05 10 12 17
02 05 11 12 18
02 06 07 09 11
02 06 08 10 17
02 06 09 17 18
02 06 13 14 18
02 06 15 16 18
02 07 08 09 18
02 07 11 13 16
02 07 11 14 15
02 07 13 15 17
02 07 14 16 17
02 08 12 13 15
02 08 12 14 16
02 08 12 17 18
02 09 10 13 15
02 09 10 14 16
03 04 05 06 10
03 04 05 11 17
03 04 05 17 18
03 04 06 07 18
03 04 06 08 12
03 04 06 09 12
03 04 07 13 15
03 04 07 14 16
03 04 08 10 11
03 04 09 11 12
03 04 13 15 17
03 04 13 15 18
03 04 14 16 17
03 04 14 16 18
03 05 06 07 08
03 05 06 11 12
03 05 07 08 11
03 05 07 10 12
03 05 09 13 15
03 05 09 14 16
03 05 13 16 17
03 05 14 15 17
03 06 07 09 17
03 06 08 10 18
03 06 09 11 18
03 06 10 11 17
03 07 08 09 18
03 07 08 13 16
03 07 08 14 15
03 07 10 12 17
03 07 11 13 14
03 07 11 15 16
03 08 10 12 17
03 08 12 13 14
03 08 12 15 16
03 09 10 13 14
03 09 10 15 16
03 11 13 15 17
03 11 14 16 17
03 13 16 17 18
03 14 15 17 18
04 05 06 07 09
04 05 06 08 10
04 05 07 10 18
04 05 11 13 15
04 05 11 14 16
04 05 12 13 16
04 05 12 14 15
04 05 13 14 18
04 05 15 16 18
04 06 07 09 10
04 06 09 11 17
04 06 12 17 18
04 07 08 13 17
04 07 08 14 17
04 07 08 15 17
04 07 08 16 17
04 07 10 11 12
04 08 09 10 12
04 08 11 12 18
04 09 13 16 18
04 09 14 15 18
04 10 13 16 17
04 10 14 15 17
05 06 09 10 18
05 06 11 17 18
05 06 13 14 17
05 06 15 16 17
05 07 08 12 18
05 07 09 10 17
05 07 11 13 15
05 07 11 14 16
05 08 09 12 17
05 08 10 11 12
05 08 13 16 18
05 08 14 15 18
05 09 10 13 16
05 09 10 14 15
05 09 11 12 18
05 13 15 17 18
05 14 16 17 18
06 07 08 11 12
06 07 10 11 17
06 07 12 13 18
06 07 12 14 18
06 07 12 15 18
06 07 12 16 18
06 08 09 13 15
06 08 09 14 16
06 08 11 13 16
06 08 11 14 15
06 08 12 17 18
06 09 10 11 12
06 10 12 13 15
06 10 12 14 16
07 08 10 13 14
07 08 10 15 16
07 09 11 17 18
07 09 12 13 14
07 09 12 15 16
07 11 13 15 18
07 11 14 16 18
08 09 10 17 18
08 09 11 13 14
08 09 11 15 16
08 13 14 15 16
09 12 13 16 17
09 12 14 15 17
10 11 12 13 14
10 11 12 15 16
10 11 13 17 18
10 11 14 17 18
10 11 15 17 18
10 11 16 17 18
10 12 13 16 18
10 12 14 15 18