01 02 03 07 08
01 02 03 10 11
01 02 03 10 12
01 02 03 11 12
01 02 03 13 14
01 02 03 13 15
01 02 03 14 15
01 02 04 05 06
01 02 04 07 09
01 02 06 08 09
01 03 04 05 06
01 03 07 08 09
01 04 07 10 15
01 04 07 12 13
01 04 08 11 14
01 04 09 10 13
01 04 09 12 15
01 04 10 11 12
01 04 13 14 15
01 05 07 10 13
01 05 07 11 14
01 05 08 10 14
01 05 08 11 13
01 05 08 12 15
01 05 09 11 15
01 05 09 12 14
01 06 07 11 15
01 06 07 12 14
01 06 08 10 15
01 06 08 12 13
01 06 09 10 14
01 06 09 11 13
02 03 04 05 06
02 03 05 09 12
02 03 07 08 09
02 04 07 11 15
02 04 07 12 14
02 04 08 10 15
02 04 08 12 13
02 04 09 10 14
02 04 09 11 13
02 05 07 10 14
02 05 07 11 13
02 05 07 12 15
02 05 08 10 13
02 05 08 11 14
02 05 09 10 15
02 05 09 12 13
02 06 07 10 13
02 06 08 11 15
02 06 08 12 14
02 06 09 11 14
02 06 09 12 15
02 06 10 11 12
02 06 13 14 15
03 04 07 10 13
03 04 07 11 14
03 04 08 10 14
03 04 08 11 13
03 04 08 12 15
03 04 09 11 15
03 04 09 12 14
03 05 07 10 15
03 05 07 12 13
03 05 08 11 15
03 05 08 12 14
03 05 09 10 13
03 05 09 11 14
03 05 10 11 12
03 05 13 14 15
03 06 07 10 14
03 06 07 11 13
03 06 07 12 15
03 06 08 10 13
03 06 08 11 14
03 06 09 10 15
03 06 09 12 13
04 05 06 10 11
04 05 06 10 12
04 05 06 11 12
04 05 06 13 14
04 05 06 13 15
04 05 06 14 15
04 05 07 08 09
04 06 07 08 09
05 06 07 08 09
07 08 09 13 14
07 08 09 13 15
07 08 09 14 15
07 08 10 11 12
07 09 10 11 12
08 09 10 11 12
10 11 13 14 15
10 12 13 14 15
11 12 13 14 15