01 02 03 06 11
01 02 04 05 12
01 02 04 08 10
01 02 05 07 09
01 02 07 08 13
01 02 10 11 13
01 03 04 06 07
01 03 05 10 13
01 03 08 09 12
01 04 05 09 11
01 04 07 10 12
01 04 07 10 13
01 04 08 11 13
01 05 06 08 12
01 05 07 11 12
01 06 09 10 12
01 06 09 12 13
01 07 08 10 11
02 03 04 09 13
02 03 04 10 12
02 03 05 08 11
02 03 07 09 10
02 03 07 12 13
02 04 05 06 13
02 04 06 08 09
02 04 07 11 13
02 05 06 07 10
02 06 07 08 12
02 06 09 11 13
02 06 10 11 12
02 08 09 11 12
02 08 11 12 13
03 04 05 07 08
03 04 09 10 11
03 04 11 12 13
03 05 06 09 12
03 06 08 10 13
03 07 09 11 13
03 07 10 11 12
04 05 06 10 11
04 05 07 09 12
04 05 09 10 11
04 06 07 10 13
04 06 08 11 12
04 07 08 09 12
05 06 07 11 13
05 08 09 10 13
05 08 10 12 13
05 09 10 12 13
06 07 08 09 11