01 02 03 06 12
01 02 04 09 14
01 02 04 11 13
01 02 05 07 12
01 02 05 08 14
01 02 06 10 12
01 02 07 08 13
01 02 07 10 11
01 03 04 05 11
01 03 04 07 09
01 03 05 07 08
01 03 06 10 12
01 03 08 09 11
01 03 12 13 14
01 04 05 10 14
01 04 06 08 12
01 04 07 10 13
01 05 06 09 13
01 05 09 12 13
01 06 07 11 12
01 06 07 12 14
01 06 11 12 14
01 08 09 10 14
01 08 10 11 13
01 09 10 11 12
02 03 04 08 10
02 03 05 09 11
02 03 05 10 13
02 03 07 10 14
02 03 07 11 14
02 03 09 10 13
02 03 10 11 14
02 04 05 06 07
02 04 05 12 14
02 04 06 09 11
02 04 07 12 13
02 05 06 08 11
02 05 09 10 13
02 06 07 08 09
02 06 10 13 14
02 07 10 11 12
02 08 09 12 14
02 08 11 12 13
03 04 05 07 12
03 04 06 08 13
03 04 06 08 14
03 04 08 13 14
03 04 09 11 12
03 05 06 09 14
03 05 07 09 10
03 05 08 11 12
03 06 07 11 13
03 07 08 09 12
03 07 10 11 14
04 05 06 10 11
04 05 08 09 13
04 06 07 09 10
04 06 08 13 14
04 07 08 11 14
04 09 10 12 14
04 10 11 12 13
05 06 07 08 10
05 06 09 12 13
05 07 09 11 14
05 07 11 13 14
05 08 10 12 14
06 08 09 10 11
07 08 10 12 13
07 09 11 13 14