01 02 03 05 14
01 02 04 10 11
01 02 12 18 20
01 03 04 06 12
01 03 07 08 16
01 03 07 17 19
01 03 15 16 17
01 04 08 11 13
01 04 10 13 18
01 05 06 09 14
01 06 09 11 13
01 09 10 14 15
02 03 06 08 16
02 03 11 14 20
02 04 07 10 14
02 05 13 15 17
02 06 08 09 14
02 07 09 12 18
02 07 11 17 19
02 08 09 15 19
03 04 05 12 15
03 04 05 17 19
03 08 09 10 12
03 09 10 13 18
04 05 06 08 12
04 05 11 14 16
04 06 18 19 20
04 09 16 17 20
05 07 09 11 12
05 07 11 18 20
05 08 10 19 20
05 10 13 16 18
06 07 10 15 16
06 07 13 14 19
06 07 13 15 20
06 10 11 12 17
08 12 13 17 20
08 14 15 17 18
11 15 16 18 19
12 13 14 16 19