01 02 04 19 20
01 02 06 16 22
01 02 09 13 19
01 03 05 07 12
01 03 05 08 15
01 03 16 17 18
01 04 07 08 15
01 04 14 17 21
01 06 08 14 15
01 06 09 13 20
01 07 14 19 21
01 10 11 17 22
01 10 12 13 15
01 11 16 18 21
01 14 15 16 18
02 03 05 10 18
02 03 10 15 20
02 04 05 06 14
02 04 07 13 17
02 04 12 13 21
02 05 09 15 18
02 05 09 16 22
02 07 08 12 16
02 08 11 16 21
02 10 11 14 22
02 12 17 18 21
03 04 06 11 17
03 04 09 14 19
03 04 18 19 22
03 05 07 08 11
03 06 08 13 17
03 06 15 20 21
03 07 10 19 22
03 09 12 16 21
03 11 13 14 16
04 05 06 18 20
04 05 09 11 12
04 07 10 20 21
04 10 12 13 16
04 10 15 16 20
05 06 10 14 17
05 08 09 10 18
05 11 12 13 20
05 13 15 21 22
05 16 17 19 20
06 07 09 16 22
06 07 12 18 22
06 08 10 19 21
06 11 12 15 19
07 08 11 13 19
07 09 14 15 17
07 11 13 18 20
08 09 15 17 22
08 12 14 20 22
08 13 14 18 19
09 10 12 17 19
09 11 14 20 21