01 02 03 04 05
01 02 03 09 17
01 02 03 11 18
01 02 03 11 22
01 02 03 13 23
01 02 03 15 19
01 02 03 20 25
01 02 04 05 17
01 02 04 06 15
01 02 04 06 25
01 02 04 13 18
01 02 04 15 16
01 02 04 16 23
01 02 04 20 21
01 02 04 24 27
01 02 05 07 22
01 02 05 08 16
01 02 05 12 20
01 02 05 16 24
01 02 05 16 25
01 02 05 19 21
01 02 06 07 08
01 02 06 09 26
01 02 06 10 11
01 02 06 12 19
01 02 06 13 27
01 02 06 14 18
01 02 06 17 26
01 02 07 08 09
01 02 07 08 11
01 02 07 09 27
01 02 07 10 16
01 02 07 21 25
01 02 08 09 15
01 02 08 12 13
01 02 08 14 26
01 02 08 16 22
01 02 08 17 19
01 02 08 17 22
01 02 09 10 11
01 02 09 13 15
01 02 09 14 25
01 02 10 13 22
01 02 10 15 27
01 02 10 15 26
01 02 11 13 26
01 02 11 15 17
01 02 11 15 24
01 02 11 21 24
01 02 12 13 14
01 02 12 15 22
01 02 12 17 20
01 02 12 18 27
01 02 12 18 26
01 02 13 16 18
01 02 13 18 19
01 02 14 17 21
01 02 14 23 24
01 02 15 16 17
01 02 16 20 24
01 02 17 23 27
01 02 17 23 25
01 02 18 19 20
01 02 19 20 23
01 02 21 22 23
01 02 24 25 26
01 03 04 06 20
01 03 04 07 17
01 03 04 08 15
01 03 04 11 12
01 03 05 08 22
01 03 05 09 18
01 03 05 14 27
01 03 05 16 26
01 03 05 22 24
01 03 06 09 12
01 03 06 10 12
01 03 06 11 19
01 03 06 15 16
01 03 06 18 22
01 03 06 18 26
01 03 07 08 27
01 03 07 09 20
01 03 07 10 13
01 03 07 18 25
01 03 07 21 27
01 03 07 23 24
01 03 08 11 14
01 03 08 21 23
01 03 08 23 25
01 03 09 16 27
01 03 09 19 26
01 03 09 21 24
01 03 10 12 19
01 03 10 15 20
01 03 10 17 24
01 03 10 18 24
01 03 10 23 27
01 03 11 13 14
01 03 11 14 16
01 03 11 21 25
01 03 12 13 20
01 03 12 16 21
01 03 13 17 22
01 03 13 20 26
01 03 13 24 27
01 03 14 22 25
01 03 15 18 21
01 03 16 19 22
01 03 17 20 27
01 03 17 20 23
01 03 21 22 26
01 04 05 06 08
01 04 05 06 13
01 04 05 10 21
01 04 05 11 19
01 04 05 15 24
01 04 05 16 27
01 04 05 17 19
01 04 05 18 21
01 04 06 08 09
01 04 06 10 14
01 04 06 18 22
01 04 07 09 15
01 04 07 11 19
01 04 07 12 27
01 04 07 15 17
01 04 07 17 24
01 04 07 23 26
01 04 08 09 25
01 04 08 10 21
01 04 08 12 16
01 04 09 10 22
01 04 09 12 26
01 04 09 13 25
01 04 10 11 23
01 04 10 17 27
01 04 10 17 18
01 04 10 19 24
01 04 10 24 27
01 04 11 13 17
01 04 11 14 17
01 04 11 14 24
01 04 11 18 25
01 04 11 22 23
01 04 12 14 15
01 04 12 23 25
01 04 13 16 27
01 04 13 16 22
01 04 13 21 22
01 04 14 16 20
01 04 14 21 26
01 04 15 19 20
01 04 16 18 27
01 04 18 22 24
01 04 19 21 25
01 04 20 22 25
01 04 20 26 27
01 04 21 22 27
01 05 06 07 21
01 05 06 08 23
01 05 06 09 19
01 05 06 11 15
01 05 06 12 14
01 05 06 13 18
01 05 07 10 22
01 05 07 11 24
01 05 07 12 17
01 05 07 13 27
01 05 07 14 15
01 05 07 19 20
01 05 07 23 26
01 05 08 09 13
01 05 08 14 25
01 05 08 26 27
01 05 09 13 19
01 05 09 22 26
01 05 09 23 26
01 05 10 11 12
01 05 10 12 24
01 05 10 16 18
01 05 11 12 21
01 05 11 13 14
01 05 11 14 20
01 05 11 15 16
01 05 11 18 20
01 05 12 16 22
01 05 12 20 27
01 05 13 15 20
01 05 14 17 26
01 05 14 19 23
01 05 14 22 23
01 05 15 17 25
01 05 15 18 23
01 05 17 21 27
01 05 20 21 24
01 05 22 25 27
01 06 07 11 25
01 06 07 16 27
01 06 07 16 19
01 06 07 18 20
01 06 07 22 26
01 06 08 15 21
01 06 08 17 20
01 06 08 22 25
01 06 09 10 20
01 06 09 13 24
01 06 09 20 23
01 06 10 13 20
01 06 10 18 21
01 06 10 22 25
01 06 10 24 25
01 06 10 25 26
01 06 11 24 26
01 06 12 14 21
01 06 12 23 25
01 06 13 14 19
01 06 13 16 20
01 06 13 21 26
01 06 14 16 17
01 06 14 17 22
01 06 14 21 24
01 06 14 22 27
01 06 14 23 25
01 06 15 17 23
01 06 15 17 25
01 06 15 21 27
01 06 16 22 24
01 06 17 18 25
01 06 18 24 26
01 06 19 23 26
01 06 19 24 27
01 06 20 21 26
01 07 08 10 14
01 07 08 13 19
01 07 08 14 19
01 07 08 16 25
01 07 08 22 23
01 07 09 11 26
01 07 09 12 13
01 07 09 17 22
01 07 10 11 19
01 07 10 15 17
01 07 10 23 25
01 07 11 16 18
01 07 11 16 21
01 07 11 17 24
01 07 11 20 27
01 07 12 13 14
01 07 12 14 23
01 07 12 15 26
01 07 12 22 24
01 07 13 24 25
01 07 14 15 17
01 07 14 16 19
01 07 14 16 22
01 07 14 18 26
01 07 14 20 21
01 07 15 16 23
01 07 15 18 24
01 07 17 18 21
01 07 17 20 24
01 07 19 21 26
01 08 09 10 25
01 08 09 18 23
01 08 09 20 25
01 08 10 15 19
01 08 10 16 18
01 08 10 20 26
01 08 10 24 27
01 08 11 12 18
01 08 11 16 20
01 08 11 19 21
01 08 11 25 27
01 08 12 15 25
01 08 12 19 27
01 08 12 20 24
01 08 13 16 23
01 08 13 17 22
01 08 13 18 26
01 08 13 24 26
01 08 14 17 18
01 08 14 19 22
01 08 14 20 25
01 08 15 20 21
01 08 17 21 26
01 08 18 19 24
01 08 18 23 27
01 08 19 22 25
01 08 20 23 27
01 08 21 22 24
01 09 10 13 14
01 09 10 13 15
01 09 10 14 19
01 09 10 21 27
01 09 11 12 21
01 09 11 13 22
01 09 11 15 16
01 09 11 18 19
01 09 12 14 16
01 09 12 15 18
01 09 12 19 25
01 09 13 17 21
01 09 13 19 23
01 09 14 15 21
01 09 14 15 22
01 09 14 16 24
01 09 14 17 20
01 09 14 23 27
01 09 15 18 22
01 09 16 17 19
01 09 16 18 20
01 09 16 21 25
01 09 17 24 27
01 09 19 22 23
01 09 19 24 26
01 10 11 13 27
01 10 11 14 22
01 10 11 16 26
01 10 11 19 25
01 10 12 14 21
01 10 12 17 23
01 10 12 20 22
01 10 13 15 21
01 10 14 23 26
01 10 15 16 17
01 10 15 16 22
01 10 16 17 25
01 10 17 18 21
01 10 17 19 26
01 10 18 19 27
01 10 19 22 26
01 10 20 21 22
01 10 20 23 25
01 11 12 16 27
01 11 12 19 26
01 11 12 20 25
01 11 12 22 26
01 11 13 15 18
01 11 14 24 27
01 11 15 21 23
01 11 15 23 26
01 11 16 23 25
01 11 17 22 24
01 11 17 22 26
01 11 20 23 24
01 12 13 17 22
01 12 13 18 20
01 12 13 18 21
01 12 14 18 19
01 12 15 19 21
01 12 15 20 22
01 12 15 23 24
01 12 17 18 19
01 12 17 24 25
01 12 19 21 22
01 12 23 26 27
01 13 14 16 21
01 13 14 18 23
01 13 15 17 24
01 13 15 18 25
01 13 15 22 26
01 13 16 19 26
01 13 17 25 26
01 13 18 20 22
01 13 19 21 23
01 13 21 25 27
01 14 15 16 27
01 14 15 20 25
01 14 16 19 20
01 14 17 19 27
01 14 18 25 27
01 14 20 24 26
01 15 19 22 27
01 15 25 26 27
01 16 17 18 22
01 16 19 23 25
01 16 20 21 23
01 16 21 23 24
01 16 21 24 26
01 16 23 24 26
01 17 18 20 23
01 17 19 20 21
01 18 21 25 26
01 19 20 24 25
01 20 22 26 27
01 22 23 24 25
02 03 04 07 27
02 03 04 08 17
02 03 04 08 26
02 03 04 15 22
02 03 05 07 26
02 03 05 09 27
02 03 05 11 23
02 03 06 10 15
02 03 06 12 24
02 03 06 16 21
02 03 06 17 21
02 03 06 19 20
02 03 06 20 25
02 03 07 08 24
02 03 07 09 14
02 03 07 12 19
02 03 07 18 23
02 03 07 22 23
02 03 08 10 20
02 03 08 12 17
02 03 08 13 19
02 03 08 14 19
02 03 09 10 17
02 03 09 11 25
02 03 09 13 20
02 03 09 14 21
02 03 09 15 26
02 03 10 11 19
02 03 10 14 21
02 03 11 13 16
02 03 12 13 26
02 03 12 14 24
02 03 12 15 22
02 03 12 21 22
02 03 13 17 18
02 03 13 22 24
02 03 14 16 27
02 03 14 20 23
02 03 15 18 24
02 03 16 17 23
02 03 16 18 20
02 03 16 24 25
02 03 18 22 25
02 03 19 21 24
02 03 23 26 27
02 04 05 07 13
02 04 05 11 27
02 04 05 19 26
02 04 05 20 22
02 04 06 07 18
02 04 06 08 24
02 04 06 09 13
02 04 06 14 27
02 04 06 16 17
02 04 06 21 23
02 04 07 08 16
02 04 07 10 12
02 04 07 14 19
02 04 07 21 22
02 04 08 10 23
02 04 08 11 15
02 04 08 13 16
02 04 08 18 23
02 04 09 12 16
02 04 09 14 17
02 04 09 17 23
02 04 09 18 27
02 04 09 19 25
02 04 09 21 24
02 04 10 12 18
02 04 10 13 15
02 04 10 16 25
02 04 11 14 26
02 04 11 17 18
02 04 11 18 20
02 04 11 19 21
02 04 11 24 25
02 04 12 14 24
02 04 12 15 16
02 04 12 22 26
02 04 13 21 25
02 04 14 16 18
02 04 14 22 27
02 04 15 19 25
02 04 17 19 22
02 04 17 20 27
02 04 20 23 24
02 04 20 25 26
02 04 21 26 27
02 05 06 07 10
02 05 06 08 25
02 05 06 09 21
02 05 06 12 16
02 05 06 13 23
02 05 06 14 26
02 05 07 11 18
02 05 07 12 18
02 05 07 17 23
02 05 08 09 23
02 05 08 10 14
02 05 08 15 16
02 05 08 18 21
02 05 08 19 26
02 05 09 11 13
02 05 09 12 17
02 05 09 15 19
02 05 10 11 24
02 05 10 12 24
02 05 10 13 18
02 05 10 23 25
02 05 11 12 22
02 05 13 15 27
02 05 13 17 20
02 05 13 22 24
02 05 14 16 21
02 05 14 19 25
02 05 15 17 23
02 05 15 24 26
02 05 17 18 24
02 05 17 19 23
02 05 17 21 25
02 05 17 22 27
02 05 18 19 22
02 05 18 20 26
02 05 19 20 26
02 05 20 21 27
02 06 07 11 13
02 06 07 12 25
02 06 07 16 22
02 06 08 09 18
02 06 08 09 22
02 06 08 10 14
02 06 08 15 16
02 06 09 14 22
02 06 09 17 18
02 06 10 20 24
02 06 10 22 26
02 06 11 12 15
02 06 11 14 17
02 06 11 16 27
02 06 11 16 19
02 06 11 24 27
02 06 12 20 23
02 06 13 14 17
02 06 13 14 21
02 06 13 16 26
02 06 15 20 22
02 06 15 23 24
02 06 18 19 27
02 06 18 21 26
02 06 19 23 25
02 06 20 22 27
02 06 23 25 27
02 07 08 10 18
02 07 08 14 20
02 07 08 17 27
02 07 08 19 24
02 07 09 12 16
02 07 09 15 24
02 07 09 16 21
02 07 09 20 26
02 07 10 13 27
02 07 10 19 23
02 07 10 24 25
02 07 11 15 20
02 07 11 17 21
02 07 11 22 23
02 07 12 22 27
02 07 13 15 21
02 07 13 17 22
02 07 13 20 24
02 07 14 15 17
02 07 14 18 25
02 07 14 26 27
02 07 15 23 25
02 07 15 24 26
02 07 16 19 26
02 07 16 25 27
02 07 17 19 25
02 07 17 21 26
02 07 17 24 27
02 07 20 21 22
02 08 09 13 25
02 08 09 16 20
02 08 10 12 21
02 08 10 21 24
02 08 11 14 24
02 08 11 18 27
02 08 11 20 23
02 08 11 22 26
02 08 12 16 18
02 08 12 19 22
02 08 12 25 26
02 08 13 18 24
02 08 13 23 26
02 08 14 22 24
02 08 15 18 25
02 08 15 22 25
02 08 15 24 27
02 08 16 17 23
02 08 17 24 26
02 08 19 20 21
02 08 21 25 27
02 09 10 12 15
02 09 10 17 21
02 09 10 24 26
02 09 11 20 27
02 09 11 22 26
02 09 11 23 24
02 09 12 14 19
02 09 12 17 24
02 09 12 18 23
02 09 13 16 23
02 09 13 21 27
02 09 14 18 26
02 09 15 22 27
02 09 16 17 26
02 09 16 18 21
02 09 18 19 24
02 09 19 22 25
02 09 19 25 27
02 09 20 22 24
02 10 11 14 20
02 10 11 22 25
02 10 12 17 25
02 10 12 20 27
02 10 13 18 20
02 10 13 19 27
02 10 13 22 23
02 10 13 24 25
02 10 14 16 19
02 10 16 20 23
02 10 16 22 24
02 10 16 26 27
02 10 17 18 23
02 10 17 19 20
02 10 18 19 22
02 10 18 25 27
02 10 19 24 26
02 10 21 22 26
02 10 21 25 26
02 11 12 13 23
02 11 12 18 25
02 11 12 20 21
02 11 14 15 16
02 11 14 15 21
02 11 14 19 24
02 11 16 17 20
02 11 16 21 26
02 11 17 18 27
02 11 17 25 26
02 11 18 23 26
02 11 19 23 27
02 12 13 17 19
02 12 13 18 22
02 12 14 17 21
02 12 14 23 27
02 12 15 20 25
02 12 21 23 26
02 12 21 24 25
02 12 24 26 27
02 13 14 15 19
02 13 15 18 22
02 13 15 25 27
02 13 15 25 26
02 13 16 17 27
02 13 16 20 25
02 13 17 21 24
02 13 19 20 25
02 13 19 22 24
02 14 15 17 25
02 14 16 23 25
02 14 18 23 27
02 14 20 22 26
02 14 20 24 27
02 15 16 21 25
02 15 16 24 27
02 15 17 18 20
02 15 17 19 22
02 15 18 19 21
02 15 19 26 27
02 15 20 21 23
02 16 17 22 24
02 16 18 22 23
02 16 19 21 27
02 18 21 22 24
02 22 23 25 26
03 04 05 08 11
03 04 05 08 16
03 04 05 10 15
03 04 05 17 21
03 04 05 18 20
03 04 05 26 27
03 04 06 07 11
03 04 06 15 21
03 04 06 22 24
03 04 06 25 26
03 04 07 09 22
03 04 07 14 18
03 04 07 19 25
03 04 08 09 10
03 04 09 12 18
03 04 09 12 23
03 04 09 14 26
03 04 09 19 27
03 04 09 22 26
03 04 10 13 26
03 04 10 16 17
03 04 10 21 24
03 04 10 23 25
03 04 11 16 22
03 04 11 20 27
03 04 12 13 15
03 04 12 15 24
03 04 12 20 22
03 04 12 25 27
03 04 13 14 19
03 04 13 16 18
03 04 13 20 23
03 04 14 15 21
03 04 14 15 23
03 04 14 17 21
03 04 14 19 25
03 04 15 24 26
03 04 16 19 24
03 04 16 20 25
03 04 17 23 27
03 04 17 24 25
03 04 18 19 23
03 04 18 21 22
03 05 06 08 18
03 05 06 09 14
03 05 06 10 16
03 05 06 12 24
03 05 06 15 17
03 05 06 15 22
03 05 06 17 25
03 05 07 08 14
03 05 07 10 25
03 05 07 11 20
03 05 07 13 21
03 05 07 15 16
03 05 08 09 20
03 05 08 15 21
03 05 08 23 26
03 05 09 10 20
03 05 09 11 17
03 05 09 12 25
03 05 09 13 24
03 05 10 11 13
03 05 10 11 22
03 05 10 12 19
03 05 10 24 27
03 05 11 13 18
03 05 12 14 17
03 05 12 15 20
03 05 12 16 18
03 05 12 17 27
03 05 12 22 23
03 05 13 14 20
03 05 13 14 22
03 05 13 16 22
03 05 13 19 25
03 05 14 15 25
03 05 14 18 24
03 05 15 21 26
03 05 16 19 23
03 05 17 20 24
03 05 18 19 25
03 05 19 22 27
03 05 21 23 25
03 06 07 14 22
03 06 07 15 20
03 06 07 17 18
03 06 07 21 25
03 06 08 09 23
03 06 08 11 24
03 06 08 13 21
03 06 08 17 19
03 06 08 26 27
03 06 09 15 23
03 06 09 16 22
03 06 09 18 27
03 06 10 11 25
03 06 11 13 26
03 06 11 22 23
03 06 12 14 18
03 06 12 16 27
03 06 12 19 25
03 06 13 17 19
03 06 13 18 24
03 06 13 25 27
03 06 14 16 23
03 06 14 24 27
03 06 17 18 23
03 06 17 20 22
03 06 19 20 21
03 06 19 23 24
03 06 20 24 26
03 07 08 11 23
03 07 08 12 15
03 07 08 13 14
03 07 08 19 20
03 07 09 12 19
03 07 09 13 27
03 07 09 23 26
03 07 10 11 16
03 07 10 17 23
03 07 10 19 21
03 07 11 15 27
03 07 11 20 25
03 07 12 18 24
03 07 12 19 22
03 07 12 20 26
03 07 12 23 27
03 07 13 16 25
03 07 13 17 24
03 07 13 23 27
03 07 14 19 24
03 07 15 18 22
03 07 15 21 24
03 07 15 25 26
03 07 16 17 27
03 07 16 17 25
03 07 17 20 21
03 07 17 22 26
03 07 18 24 27
03 07 20 22 24
03 08 09 12 13
03 08 09 14 25
03 08 09 17 22
03 08 09 21 25
03 08 10 18 19
03 08 10 22 27
03 08 11 15 18
03 08 11 19 24
03 08 11 20 21
03 08 12 16 26
03 08 12 19 21
03 08 12 22 25
03 08 13 17 27
03 08 13 25 26
03 08 14 15 24
03 08 14 16 17
03 08 14 18 20
03 08 15 18 19
03 08 15 22 23
03 08 16 24 27
03 08 18 21 26
03 08 18 25 27
03 09 10 12 27
03 09 10 15 16
03 09 10 18 21
03 09 10 19 22
03 09 10 25 26
03 09 11 23 24
03 09 11 26 27
03 09 13 14 15
03 09 13 17 24
03 09 13 18 20
03 09 14 19 23
03 09 15 17 21
03 09 15 18 25
03 09 15 24 25
03 09 16 18 22
03 09 16 19 20
03 09 16 21 26
03 09 17 21 24
03 09 20 22 27
03 10 11 14 15
03 10 11 18 26
03 10 11 20 24
03 10 12 14 16
03 10 12 17 18
03 10 12 21 23
03 10 13 18 22
03 10 13 21 27
03 10 13 23 24
03 10 14 20 27
03 10 14 23 26
03 10 15 16 25
03 10 15 24 26
03 10 17 25 26
03 11 12 14 20
03 11 12 15 26
03 11 12 16 17
03 11 12 22 27
03 11 13 21 22
03 11 14 19 21
03 11 15 17 24
03 11 15 19 23
03 11 17 18 25
03 11 17 20 26
03 11 18 21 27
03 11 19 26 27
03 11 24 25 26
03 12 14 25 26
03 12 15 17 26
03 12 15 19 27
03 12 16 18 23
03 12 17 23 25
03 12 19 20 25
03 12 19 24 26
03 12 20 21 24
03 12 22 26 27
03 13 14 17 26
03 13 14 24 25
03 13 15 16 20
03 13 15 17 20
03 13 15 20 25
03 13 16 18 19
03 13 16 20 23
03 13 21 23 26
03 14 15 19 26
03 14 16 20 21
03 14 16 22 26
03 14 17 19 22
03 14 17 22 23
03 14 21 24 25
03 15 16 18 19
03 15 17 18 27
03 15 19 22 24
03 15 20 22 27
03 15 21 25 27
03 16 21 22 23
03 16 23 26 27
03 17 18 19 26
03 17 19 25 27
03 18 19 21 27
03 18 20 23 25
03 18 21 23 27
03 19 22 25 26
03 20 21 22 26
04 05 06 11 26
04 05 06 12 22
04 05 06 13 26
04 05 06 14 19
04 05 06 17 23
04 05 06 19 24
04 05 06 20 25
04 05 06 23 24
04 05 07 08 21
04 05 07 09 25
04 05 07 10 17
04 05 07 12 15
04 05 07 16 24
04 05 07 18 23
04 05 08 12 20
04 05 08 17 24
04 05 08 19 22
04 05 09 10 22
04 05 09 12 14
04 05 09 13 21
04 05 09 16 18
04 05 09 17 20
04 05 10 11 20
04 05 11 16 26
04 05 12 15 21
04 05 12 17 23
04 05 12 25 26
04 05 13 16 19
04 05 13 18 24
04 05 14 15 22
04 05 14 18 25
04 05 14 23 27
04 05 15 18 25
04 05 16 22 25
04 05 20 23 26
04 05 20 25 27
04 05 22 24 26
04 06 07 09 19
04 06 07 11 22
04 06 07 13 23
04 06 07 14 25
04 06 07 18 19
04 06 08 12 22
04 06 08 14 20
04 06 08 19 26
04 06 09 15 26
04 06 09 17 27
04 06 09 22 25
04 06 10 15 19
04 06 10 18 27
04 06 11 15 27
04 06 11 16 23
04 06 11 17 21
04 06 12 15 24
04 06 12 16 23
04 06 12 17 25
04 06 12 18 20
04 06 12 21 26
04 06 13 18 19
04 06 13 22 25
04 06 14 16 24
04 06 14 17 20
04 06 15 16 21
04 06 15 18 23
04 06 16 20 26
04 06 19 20 22
04 06 21 23 27
04 06 21 25 27
04 07 08 09 17
04 07 08 18 25
04 07 08 20 24
04 07 09 11 21
04 07 09 24 25
04 07 10 11 27
04 07 10 13 16
04 07 10 20 22
04 07 11 14 22
04 07 11 14 26
04 07 11 15 16
04 07 11 19 23
04 07 12 16 21
04 07 12 21 25
04 07 13 14 20
04 07 13 15 19
04 07 13 18 20
04 07 13 19 26
04 07 15 19 24
04 07 15 20 21
04 07 16 21 26
04 07 16 22 23
04 07 17 25 27
04 07 19 21 24
04 07 20 21 23
04 07 24 26 27
04 08 09 15 27
04 08 09 18 24
04 08 09 21 23
04 08 09 23 24
04 08 10 11 16
04 08 10 13 17
04 08 10 15 25
04 08 11 13 16
04 08 11 17 25
04 08 11 26 27
04 08 12 13 19
04 08 12 14 27
04 08 13 14 15
04 08 13 20 24
04 08 13 22 27
04 08 14 21 22
04 08 14 23 25
04 08 15 18 26
04 08 16 18 20
04 08 17 19 23
04 08 17 22 26
04 08 18 23 27
04 08 19 21 27
04 08 20 22 27
04 08 21 24 25
04 09 10 18 19
04 09 10 20 23
04 09 10 21 25
04 09 11 13 15
04 09 11 14 18
04 09 11 16 27
04 09 11 20 24
04 09 12 13 20
04 09 12 17 19
04 09 13 22 24
04 09 14 15 20
04 09 14 16 19
04 09 15 22 23
04 09 17 18 26
04 09 18 26 27
04 09 20 21 22
04 10 11 14 19
04 10 12 13 14
04 10 12 13 24
04 10 12 15 21
04 10 12 16 22
04 10 12 23 26
04 10 13 18 21
04 10 13 19 23
04 10 14 17 26
04 10 14 22 24
04 10 15 16 27
04 10 15 17 24
04 10 18 24 26
04 10 19 20 25
04 10 20 21 23
04 10 22 25 26
04 11 12 17 20
04 11 12 17 22
04 11 12 18 19
04 11 12 24 25
04 11 13 14 22
04 11 13 14 25
04 11 13 18 24
04 11 13 20 21
04 11 15 23 25
04 11 17 19 24
04 11 18 21 22
04 11 19 22 26
04 11 21 23 26
04 12 13 14 23
04 12 13 17 27
04 12 15 19 22
04 12 17 18 21
04 12 17 19 20
04 12 19 23 27
04 12 21 24 27
04 13 14 20 27
04 13 15 17 26
04 13 15 23 27
04 13 15 23 26
04 13 16 24 26
04 13 17 18 25
04 13 22 23 24
04 14 16 21 27
04 14 17 18 22
04 14 18 19 26
04 14 18 23 24
04 14 20 21 24
04 14 24 25 27
04 15 16 17 22
04 15 16 22 23
04 15 16 24 25
04 15 17 19 21
04 15 17 20 26
04 15 18 22 27
04 16 17 21 23
04 16 17 24 26
04 16 19 20 27
04 16 23 25 26
04 18 21 24 27
04 19 20 21 26
04 19 22 25 27
04 21 22 23 24
05 06 07 08 27
05 06 07 09 10
05 06 07 14 18
05 06 07 15 20
05 06 07 16 23
05 06 07 19 26
05 06 07 23 25
05 06 08 10 26
05 06 08 16 21
05 06 09 11 12
05 06 09 18 26
05 06 10 17 22
05 06 10 20 27
05 06 11 13 20
05 06 11 14 21
05 06 11 23 27
05 06 12 13 23
05 06 12 15 25
05 06 12 17 24
05 06 12 20 22
05 06 13 21 27
05 06 13 22 24
05 06 14 15 18
05 06 14 24 25
05 06 16 18 24
05 06 16 26 27
05 06 18 22 25
05 06 20 22 23
05 06 21 23 26
05 07 08 13 20
05 07 08 15 23
05 07 08 16 18
05 07 09 16 20
05 07 09 17 19
05 07 10 12 21
05 07 10 19 27
05 07 11 13 19
05 07 11 14 17
05 07 12 14 24
05 07 12 16 26
05 07 12 22 27
05 07 13 15 22
05 07 13 23 24
05 07 14 25 27
05 07 15 18 21
05 07 15 22 26
05 07 17 22 24
05 07 20 23 24
05 07 20 25 26
05 07 21 22 23
05 07 21 24 25
05 08 09 10 15
05 08 09 10 17
05 08 09 11 19
05 08 09 24 26
05 08 10 18 27
05 08 10 24 25
05 08 11 12 23
05 08 11 13 17
05 08 11 20 22
05 08 12 13 24
05 08 12 16 19
05 08 12 22 27
05 08 13 15 19
05 08 13 23 25
05 08 14 18 26
05 08 14 19 20
05 08 14 21 27
05 08 15 17 27
05 08 16 22 26
05 08 17 22 25
05 08 20 23 24
05 09 10 14 16
05 09 11 13 15
05 09 11 23 27
05 09 11 25 27
05 09 12 21 22
05 09 13 15 25
05 09 13 25 26
05 09 14 16 27
05 09 14 20 23
05 09 14 22 24
05 09 15 16 22
05 09 15 26 27
05 09 16 17 25
05 09 16 23 26
05 09 18 20 25
05 09 18 24 27
05 09 19 21 23
05 09 20 24 25
05 10 11 17 22
05 10 11 18 19
05 10 12 17 26
05 10 12 18 27
05 10 13 14 25
05 10 13 15 23
05 10 13 17 26
05 10 13 22 27
05 10 14 15 20
05 10 14 16 23
05 10 14 21 26
05 10 15 21 22
05 10 16 17 20
05 10 16 20 24
05 10 16 20 25
05 10 17 19 25
05 10 18 23 26
05 10 19 21 24
05 10 19 22 23
05 10 20 22 25
05 11 12 13 25
05 11 13 22 23
05 11 14 26 27
05 11 15 17 23
05 11 15 19 27
05 11 15 20 25
05 11 16 17 19
05 11 16 21 24
05 11 16 25 27
05 11 18 20 21
05 11 19 22 24
05 11 21 25 26
05 11 23 24 26
05 12 13 18 26
05 12 13 20 21
05 12 14 15 17
05 12 15 18 24
05 12 16 21 27
05 12 17 20 26
05 12 18 21 25
05 12 19 25 27
05 12 20 24 26
05 12 23 25 26
05 13 14 15 21
05 13 14 16 17
05 13 14 19 26
05 13 15 18 22
05 13 16 17 23
05 13 16 18 27
05 13 16 21 26
05 13 17 20 22
05 13 19 20 21
05 13 19 24 27
05 14 16 19 22
05 14 18 20 22
05 15 16 19 24
05 15 16 20 21
05 15 17 18 26
05 15 19 23 25
05 15 19 25 26
05 15 23 24 27
05 16 20 23 27
05 17 18 19 27
05 17 18 19 21
05 17 18 22 23
05 17 21 23 24
05 17 24 25 27
05 18 19 20 23
05 18 19 22 26
05 18 22 23 24
05 18 23 24 25
05 19 25 26 27
06 07 08 09 15
06 07 08 10 20
06 07 08 16 26
06 07 08 20 22
06 07 09 12 16
06 07 09 14 23
06 07 09 16 24
06 07 09 19 27
06 07 10 14 21
06 07 10 15 24
06 07 10 15 26
06 07 10 21 27
06 07 11 13 15
06 07 11 18 23
06 07 12 13 22
06 07 12 19 21
06 07 12 23 26
06 07 13 15 17
06 07 13 18 25
06 07 13 21 24
06 07 14 15 27
06 07 14 19 22
06 07 14 20 24
06 07 15 16 19
06 07 17 20 21
06 07 17 24 25
06 07 17 26 27
06 07 20 23 27
06 08 09 11 21
06 08 10 11 12
06 08 10 12 24
06 08 10 13 17
06 08 10 15 17
06 08 11 12 27
06 08 11 13 24
06 08 11 17 18
06 08 12 13 14
06 08 12 18 27
06 08 12 20 26
06 08 13 15 20
06 08 14 16 22
06 08 14 17 23
06 08 15 19 25
06 08 15 23 24
06 08 16 17 27
06 08 16 18 25
06 08 16 19 20
06 08 18 20 21
06 08 18 22 24
06 08 19 23 27
06 08 21 22 25
06 08 23 25 26
06 09 10 11 17
06 09 10 12 27
06 09 10 13 19
06 09 10 16 25
06 09 10 23 24
06 09 11 14 23
06 09 11 20 25
06 09 11 22 27
06 09 12 15 25
06 09 12 20 21
06 09 13 16 27
06 09 13 17 26
06 09 13 21 23
06 09 14 17 21
06 09 14 18 19
06 09 14 24 26
06 09 15 17 22
06 09 15 20 24
06 09 16 19 26
06 09 18 21 22
06 09 18 24 25
06 09 25 26 27
06 10 11 13 23
06 10 11 19 24
06 10 12 13 15
06 10 12 14 19
06 10 13 14 26
06 10 14 17 27
06 10 14 18 20
06 10 15 21 25
06 10 16 17 26
06 10 16 18 23
06 10 17 21 26
06 10 19 21 22
06 10 19 26 27
06 10 20 22 23
06 11 12 13 14
06 11 12 17 27
06 11 12 20 23
06 11 12 21 22
06 11 14 15 17
06 11 14 16 20
06 11 15 18 27
06 11 15 19 26
06 11 16 17 24
06 11 16 18 22
06 11 16 21 25
06 11 18 20 26
06 11 19 20 25
06 11 20 21 22
06 12 13 16 21
06 12 14 15 26
06 12 14 19 27
06 12 15 18 19
06 12 16 17 20
06 12 16 18 26
06 12 17 19 22
06 12 20 25 26
06 12 21 24 27
06 13 14 21 22
06 13 15 16 25
06 13 15 19 21
06 13 17 18 20
06 13 17 18 24
06 13 19 22 23
06 13 20 23 26
06 13 23 24 27
06 14 15 21 23
06 14 18 21 26
06 14 20 25 27
06 14 22 23 26
06 15 16 17 27
06 15 16 20 25
06 15 17 19 20
06 15 21 24 26
06 15 22 26 27
06 16 18 22 27
06 16 19 21 25
06 17 19 23 24
06 17 21 22 27
06 17 22 23 25
06 18 21 23 24
06 20 24 25 27
06 22 23 24 25
07 08 09 12 25
07 08 09 16 22
07 08 09 18 21
07 08 10 11 17
07 08 10 19 25
07 08 10 23 26
07 08 10 26 27
07 08 11 12 13
07 08 11 14 25
07 08 11 19 26
07 08 12 17 26
07 08 12 21 23
07 08 13 25 27
07 08 14 17 23
07 08 14 22 24
07 08 15 16 24
07 08 15 18 20
07 08 15 21 22
07 08 16 21 27
07 08 19 23 27
07 09 10 13 22
07 09 10 13 24
07 09 10 14 27
07 09 10 18 26
07 09 11 13 19
07 09 11 16 26
07 09 11 18 22
07 09 11 20 21
07 09 11 24 25
07 09 12 15 17
07 09 12 23 24
07 09 13 14 18
07 09 13 20 23
07 09 14 15 16
07 09 14 21 26
07 09 15 19 25
07 09 17 18 25
07 09 20 22 27
07 09 21 23 27
07 10 11 15 23
07 10 11 15 26
07 10 11 18 21
07 10 11 25 26
07 10 12 17 19
07 10 12 18 22
07 10 13 14 23
07 10 13 19 20
07 10 14 15 22
07 10 14 16 25
07 10 15 18 20
07 10 16 18 22
07 10 16 23 24
07 10 18 24 27
07 10 21 24 26
07 11 12 14 16
07 11 12 14 18
07 11 12 20 25
07 11 12 21 26
07 11 12 24 27
07 11 13 17 23
07 11 15 22 25
07 11 16 22 24
07 11 17 18 19
07 11 21 26 27
07 12 13 15 25
07 12 14 17 20
07 12 14 19 21
07 12 16 19 25
07 12 16 20 23
07 12 17 21 27
07 12 18 19 23
07 12 18 26 27
07 13 14 16 27
07 13 15 26 27
07 13 16 17 18
07 13 16 19 27
07 13 16 20 25
07 13 17 21 25
07 13 18 21 27
07 13 18 22 26
07 14 15 22 23
07 14 16 17 24
07 14 19 20 26
07 14 21 23 24
07 14 23 25 26
07 15 16 18 27
07 15 17 19 23
07 16 17 19 21
07 16 17 20 26
07 16 18 21 23
07 16 18 24 26
07 17 18 20 27
07 17 20 22 25
07 18 19 20 24
07 18 19 22 27
07 19 20 25 27
07 19 21 22 25
07 22 24 25 27
08 09 10 13 14
08 09 10 18 22
08 09 10 19 27
08 09 11 12 14
08 09 11 15 22
08 09 11 16 21
08 09 11 17 23
08 09 11 19 20
08 09 11 24 27
08 09 12 17 25
08 09 12 18 19
08 09 12 22 27
08 09 13 16 26
08 09 14 20 21
08 09 14 26 27
08 09 15 16 18
08 09 15 20 27
08 09 17 19 24
08 09 20 21 26
08 09 22 25 26
08 10 11 13 21
08 10 12 16 17
08 10 12 20 23
08 10 13 15 27
08 10 13 16 22
08 10 14 18 25
08 10 14 25 27
08 10 16 20 22
08 10 16 21 23
08 10 17 20 21
08 10 19 22 24
08 10 19 23 25
08 10 22 24 26
08 11 12 16 21
08 11 13 14 27
08 11 14 15 26
08 11 14 16 23
08 11 14 19 26
08 11 15 22 24
08 11 16 19 25
08 11 17 19 22
08 11 18 20 25
08 11 18 24 26
08 11 21 23 24
08 11 22 23 27
08 12 13 20 27
08 12 14 15 18
08 12 14 23 24
08 12 15 16 17
08 12 15 21 26
08 12 15 22 23
08 12 17 18 26
08 12 17 21 24
08 12 19 21 25
08 12 24 25 26
08 13 14 15 23
08 13 14 16 21
08 13 14 20 22
08 13 15 17 25
08 13 17 19 26
08 13 18 19 23
08 13 18 22 25
08 13 21 22 26
08 14 15 17 20
08 14 16 18 27
08 14 16 24 26
08 14 17 23 27
08 14 19 21 24
08 14 21 22 23
08 15 16 19 23
08 15 16 19 26
08 15 17 18 21
08 15 20 23 26
08 16 17 22 24
08 16 23 25 27
08 17 18 20 22
08 17 18 23 24
08 17 20 21 25
08 17 21 25 26
08 19 20 26 27
08 20 23 24 25
08 21 23 24 27
09 10 11 12 20
09 10 11 12 23
09 10 11 12 26
09 10 11 15 18
09 10 11 21 22
09 10 12 13 16
09 10 13 23 27
09 10 14 15 23
09 10 14 20 24
09 10 15 21 24
09 10 16 17 24
09 10 16 19 26
09 10 16 23 25
09 10 17 20 25
09 10 22 23 26
09 11 12 25 26
09 11 13 17 18
09 11 14 16 22
09 11 14 21 25
09 11 15 17 27
09 11 15 20 26
09 11 17 19 25
09 12 13 18 27
09 12 14 22 25
09 12 15 16 23
09 12 15 19 24
09 12 16 21 24
09 12 17 18 20
09 12 17 22 23
09 12 19 20 27
09 12 19 23 26
09 12 22 24 26
09 13 14 17 27
09 13 14 20 25
09 13 14 24 26
09 13 15 18 23
09 13 15 21 24
09 13 16 17 20
09 13 16 18 19
09 13 19 20 22
09 13 19 21 26
09 13 20 26 27
09 13 22 23 25
09 14 15 19 27
09 14 17 18 26
09 14 18 21 23
09 15 17 23 25
09 15 17 24 26
09 15 18 19 21
09 16 17 19 23
09 16 24 25 27
09 17 18 22 27
09 17 20 22 23
09 17 21 26 27
09 18 21 24 26
09 18 23 24 26
09 18 23 25 27
09 19 20 22 26
09 19 21 22 24
09 20 21 23 25
10 11 12 14 21
10 11 12 15 16
10 11 13 16 25
10 11 13 17 20
10 11 14 17 24
10 11 14 19 27
10 11 15 20 22
10 11 16 18 23
10 11 17 21 27
10 11 20 21 27
10 11 21 23 25
10 11 23 24 27
10 12 13 18 25
10 12 13 19 26
10 12 14 17 18
10 12 14 22 26
10 12 15 25 27
10 12 16 24 27
10 12 18 20 24
10 12 19 21 26
10 12 22 24 25
10 13 14 21 25
10 13 15 17 19
10 13 16 21 24
10 13 20 21 25
10 13 22 24 27
10 13 25 26 27
10 14 15 16 21
10 14 15 18 24
10 14 17 18 19
10 14 17 21 22
10 14 20 23 24
10 14 23 24 25
10 15 16 18 26
10 15 17 20 26
10 15 17 22 25
10 15 18 22 23
10 15 19 20 24
10 15 21 23 27
10 16 18 20 27
10 16 19 20 21
10 16 19 22 27
10 16 20 25 26
10 17 22 23 27
10 18 19 24 25
10 19 20 23 26
10 21 22 25 27
11 12 13 19 22
11 12 13 24 26
11 12 14 15 19
11 12 14 21 23
11 12 15 17 18
11 12 15 18 20
11 12 16 18 24
11 12 16 19 20
11 12 16 23 27
11 13 14 15 24
11 13 14 18 21
11 13 15 16 21
11 13 16 19 24
11 13 16 23 26
11 13 17 22 27
11 13 17 24 25
11 13 18 21 26
11 13 18 25 27
11 13 19 20 27
11 13 19 23 25
11 13 20 22 26
11 14 16 18 25
11 14 17 20 27
11 14 17 21 26
11 14 18 20 23
11 14 18 22 24
11 14 22 25 26
11 14 23 25 27
11 15 16 17 27
11 15 19 21 27
11 15 21 24 25
11 16 17 20 24
11 16 17 22 26
11 16 20 22 23
11 17 19 21 23
11 17 20 23 26
11 18 19 20 22
11 18 19 21 24
11 18 22 26 27
11 20 24 26 27
11 21 22 24 27
12 13 14 19 23
12 13 14 21 27
12 13 15 16 22
12 13 15 20 24
12 13 15 26 27
12 13 16 24 25
12 13 17 21 23
12 13 19 20 24
12 13 21 22 25
12 14 15 22 24
12 14 16 17 22
12 14 16 20 25
12 14 16 20 26
12 14 17 19 25
12 14 18 20 27
12 14 18 23 25
12 14 18 24 27
12 15 17 21 27
12 15 19 20 23
12 15 20 23 27
12 16 17 26 27
12 16 18 19 26
12 16 18 21 25
12 16 19 22 24
12 16 19 23 24
12 16 20 22 24
12 16 22 25 26
12 17 21 25 27
12 17 22 23 24
12 18 20 21 22
12 18 22 23 25
12 22 23 25 27
13 14 16 18 20
13 14 16 22 24
13 14 17 19 24
13 14 18 26 27
13 14 19 22 25
13 15 18 20 26
13 15 18 23 24
13 15 20 22 23
13 16 17 21 22
13 17 18 19 27
13 17 20 23 25
13 18 21 23 25
13 19 24 25 26
13 20 21 23 27
13 20 21 24 26
13 22 23 26 27
14 15 16 25 26
14 15 17 18 19
14 15 17 20 21
14 15 17 22 27
14 15 19 24 25
14 15 21 22 25
14 15 23 26 27
14 16 17 23 25
14 16 18 19 27
14 17 19 25 26
14 17 20 24 25
14 17 23 24 26
14 18 20 21 25
14 18 21 22 27
14 19 20 22 23
14 19 21 22 27
14 19 21 23 26
14 21 24 26 27
15 16 18 22 26
15 16 18 23 26
15 16 19 20 22
15 16 19 20 25
15 16 20 23 24
15 16 20 24 26
15 16 21 22 27
15 17 21 22 26
15 18 19 21 23
15 18 19 25 26
15 18 20 24 27
15 20 22 24 25
15 21 23 25 26
16 17 18 19 25
16 17 18 21 24
16 18 19 21 22
16 18 24 25 26
16 20 21 24 27
16 20 22 25 27
16 21 22 26 27
16 22 23 24 27
17 18 20 24 25
17 18 22 24 26
17 18 23 26 27
17 19 24 26 27
17 20 22 24 27
17 20 25 26 27
17 21 22 24 25
18 20 21 26 27
18 20 22 23 26
19 20 23 24 27
19 22 23 24 26
19 23 24 25 27