01 02 03 06 16
01 02 10 11 14
01 03 05 18 19
01 03 07 11 15
01 04 05 07 08
01 04 10 17 18
01 05 07 13 21
01 06 07 08 16
01 06 09 16 19
01 08 12 13 17
01 08 12 20 21
01 09 11 13 20
01 12 14 15 20
02 03 06 08 15
02 04 05 13 17
02 04 06 12 14
02 04 13 15 21
02 05 08 09 18
02 05 14 18 21
02 07 11 12 14
02 07 17 19 20
02 09 15 17 19
02 10 12 13 16
03 04 05 16 20
03 04 10 11 19
03 04 11 18 21
03 06 07 08 10
03 07 13 16 20
03 09 10 17 20
03 09 13 14 17
03 12 18 19 21
04 06 07 09 21
04 07 09 11 12
04 08 13 15 19
04 08 14 16 20
05 06 09 10 14
05 06 12 15 17
05 07 10 12 13
05 08 11 14 19
05 11 15 16 17
06 08 10 15 18
06 10 14 19 21
06 11 13 18 20
07 14 15 16 18
08 11 16 17 21
09 10 15 20 21
09 12 16 18 19