01 02 03 05 15
01 02 03 06 08
01 02 03 06 09
01 02 03 06 10
01 02 03 11 17
01 02 03 13 16
01 02 04 05 15
01 02 04 08 11
01 02 04 10 12
01 02 04 13 14
01 02 05 12 14
01 02 05 18 20
01 02 05 19 21
01 02 06 07 13
01 02 06 11 12
01 02 07 09 12
01 02 07 09 16
01 02 07 10 14
01 02 07 13 17
01 02 08 11 16
01 02 08 15 18
01 02 08 15 19
01 02 08 15 20
01 02 08 15 21
01 02 09 11 15
01 02 09 13 14
01 02 10 15 16
01 02 12 13 14
01 02 12 16 17
01 03 04 05 06
01 03 04 07 12
01 03 04 08 11
01 03 04 10 15
01 03 05 07 17
01 03 05 10 11
01 03 05 10 13
01 03 06 07 11
01 03 06 15 16
01 03 07 10 16
01 03 08 13 17
01 03 08 14 16
01 03 09 14 18
01 03 09 14 19
01 03 09 14 20
01 03 09 14 21
01 03 10 12 17
01 03 12 18 19
01 03 12 20 21
01 03 13 18 21
01 03 13 19 20
01 04 05 08 13
01 04 05 09 11
01 04 05 16 17
01 04 06 15 17
01 04 06 18 21
01 04 06 19 20
01 04 07 08 14
01 04 07 09 10
01 04 10 14 15
01 04 11 12 13
01 04 11 13 15
01 04 12 14 17
01 04 16 18 19
01 04 16 20 21
01 04 17 18 20
01 04 17 19 21
01 05 06 08 10
01 05 06 11 16
01 05 06 13 16
01 05 06 14 17
01 05 07 08 14
01 05 07 18 21
01 05 07 19 20
01 05 08 09 10
01 05 08 11 17
01 05 09 11 17
01 05 09 15 16
01 05 12 18 19
01 05 12 20 21
01 05 13 14 16
01 05 15 18 21
01 05 15 19 20
01 06 07 13 16
01 06 07 14 17
01 06 08 09 15
01 06 08 18 19
01 06 08 20 21
01 06 09 10 12
01 06 09 16 17
01 06 10 18 20
01 06 10 19 21
01 06 11 12 13
01 06 11 12 14
01 06 11 12 15
01 06 11 12 17
01 06 13 14 15
01 07 08 09 15
01 07 08 11 13
01 07 08 11 17
01 07 10 16 17
01 07 11 13 16
01 07 12 18 20
01 07 12 19 21
01 07 14 15 16
01 07 15 18 20
01 07 15 19 21
01 08 09 11 12
01 08 10 18 19
01 08 10 20 21
01 08 12 13 16
01 08 12 14 15
01 08 14 16 17
01 09 10 13 16
01 09 10 15 17
01 09 11 12 16
01 09 12 13 17
01 09 12 15 16
01 09 13 18 20
01 09 13 19 21
01 10 11 18 21
01 10 11 19 20
01 10 12 13 15
01 10 12 14 16
01 10 13 14 17
01 11 14 18 21
01 11 14 19 20
01 13 14 15 17
02 03 04 05 10
02 03 04 06 16
02 03 04 18 19
02 03 04 20 21
02 03 05 06 14
02 03 05 10 16
02 03 06 11 14
02 03 06 12 15
02 03 07 08 17
02 03 07 13 15
02 03 07 18 20
02 03 07 19 21
02 03 08 10 15
02 03 08 18 21
02 03 08 19 20
02 03 09 11 12
02 03 09 15 16
02 03 12 13 17
02 03 13 14 17
02 04 05 08 12
02 04 06 07 08
02 04 06 10 12
02 04 06 11 15
02 04 07 12 13
02 04 07 16 18
02 04 07 16 19
02 04 07 16 20
02 04 07 16 21
02 04 08 10 14
02 04 09 10 17
02 04 09 12 15
02 04 09 18 20
02 04 09 19 21
02 04 11 12 14
02 04 11 12 17
02 04 13 15 17
02 04 14 15 17
02 05 06 07 12
02 05 06 08 13
02 05 06 09 15
02 05 07 09 14
02 05 07 11 15
02 05 07 15 16
02 05 08 09 17
02 05 08 11 14
02 05 09 13 16
02 05 10 17 18
02 05 10 17 19
02 05 10 17 20
02 05 10 17 21
02 05 11 13 18
02 05 11 13 19
02 05 11 13 20
02 05 11 13 21
02 06 07 10 15
02 06 08 09 12
02 06 08 11 17
02 06 09 13 16
02 06 12 13 15
02 06 14 16 18
02 06 14 16 19
02 06 14 16 20
02 06 14 16 21
02 06 17 18 20
02 06 17 19 21
02 07 08 09 13
02 07 08 10 12
02 07 08 12 14
02 07 11 13 16
02 07 11 18 19
02 07 11 20 21
02 08 10 11 13
02 08 10 16 17
02 08 13 18 21
02 08 13 19 20
02 08 14 15 16
02 09 10 11 18
02 09 10 11 19
02 09 10 11 20
02 09 10 11 21
02 09 10 12 14
02 09 13 18 19
02 09 13 20 21
02 09 17 18 21
02 09 17 19 20
02 10 11 12 15
02 10 13 18 20
02 10 13 19 21
02 11 14 16 17
02 12 16 18 21
02 12 16 19 20
02 14 15 18 19
02 14 15 20 21
02 14 17 18 19
02 14 17 20 21
03 04 05 11 17
03 04 05 13 15
03 04 06 07 15
03 04 06 09 13
03 04 06 11 12
03 04 07 09 11
03 04 07 14 17
03 04 08 09 14
03 04 08 10 11
03 04 08 10 17
03 04 08 11 13
03 04 08 15 16
03 04 09 10 16
03 04 09 12 17
03 04 12 13 16
03 04 14 18 20
03 04 14 19 21
03 05 06 10 15
03 05 07 08 18
03 05 07 08 19
03 05 07 08 20
03 05 07 08 21
03 05 08 12 16
03 05 09 12 18
03 05 09 12 19
03 05 09 12 20
03 05 09 12 21
03 05 10 14 17
03 05 11 14 15
03 05 13 14 15
03 05 16 18 19
03 05 16 20 21
03 06 07 08 14
03 06 07 09 15
03 06 07 12 16
03 06 08 10 17
03 06 08 18 19
03 06 08 20 21
03 06 09 10 16
03 06 10 11 13
03 06 13 17 18
03 06 13 17 19
03 06 13 17 20
03 06 13 17 21
03 07 08 09 10
03 07 09 13 16
03 07 10 11 17
03 07 10 15 16
03 07 11 12 13
03 07 13 14 16
03 08 09 11 15
03 08 10 13 16
03 08 11 14 17
03 08 12 13 15
03 08 12 18 20
03 08 12 19 21
03 09 10 13 15
03 09 11 12 17
03 09 11 13 17
03 09 12 18 21
03 09 12 19 20
03 10 12 14 18
03 10 12 14 19
03 10 12 14 20
03 10 12 14 21
03 10 12 18 19
03 10 12 20 21
03 11 13 14 16
03 11 15 18 20
03 11 15 19 21
03 11 16 18 20
03 11 16 19 21
03 12 14 15 16
03 15 17 18 19
03 15 17 20 21
03 16 17 18 21
03 16 17 19 20
04 05 06 10 13
04 05 06 12 17
04 05 06 18 19
04 05 06 20 21
04 05 07 09 16
04 05 07 12 14
04 05 07 15 17
04 05 08 11 15
04 05 08 13 16
04 05 09 12 13
04 05 10 18 20
04 05 10 19 21
04 05 11 12 16
04 05 14 15 16
04 05 14 18 21
04 05 14 19 20
04 06 07 11 17
04 06 07 12 14
04 06 07 15 16
04 06 08 11 14
04 06 08 12 16
04 06 09 10 14
04 06 09 15 16
04 06 10 11 16
04 06 10 18 19
04 06 10 20 21
04 06 13 18 20
04 06 13 19 21
04 06 14 16 17
04 07 08 13 15
04 07 08 13 17
04 07 09 14 16
04 07 10 11 12
04 07 10 13 18
04 07 10 13 19
04 07 10 13 20
04 07 10 13 21
04 07 11 18 21
04 07 11 19 20
04 08 09 10 16
04 08 09 17 18
04 08 09 17 19
04 08 09 17 20
04 08 09 17 21
04 08 11 14 16
04 08 12 18 19
04 08 12 20 21
04 09 11 13 16
04 09 12 15 18
04 09 12 15 19
04 09 12 15 20
04 09 12 15 21
04 10 11 14 17
04 10 12 16 17
04 10 13 14 16
04 10 15 18 21
04 10 15 19 20
04 11 13 14 15
04 12 13 14 17
05 06 07 09 17
05 06 07 13 15
05 06 07 14 16
05 06 08 09 11
05 06 08 12 14
05 06 08 14 17
05 06 09 18 20
05 06 09 19 21
05 06 10 11 12
05 06 11 18 21
05 06 11 19 20
05 06 12 13 14
05 06 15 16 17
05 07 08 10 11
05 07 09 10 13
05 07 10 12 15
05 07 11 12 16
05 07 11 13 17
05 07 12 13 16
05 07 14 16 17
05 08 09 13 15
05 08 10 12 13
05 08 12 15 17
05 08 16 18 19
05 08 16 20 21
05 09 10 11 15
05 09 11 14 16
05 09 12 16 17
05 09 14 15 17
05 10 13 14 15
05 10 14 18 21
05 10 14 19 20
05 10 16 18 19
05 10 16 20 21
05 11 12 14 17
05 12 15 18 20
05 12 15 19 21
05 13 15 16 17
05 13 17 18 20
05 13 17 19 21
06 07 08 12 13
06 07 08 16 17
06 07 09 11 18
06 07 09 11 19
06 07 09 11 20
06 07 09 11 21
06 07 10 18 21
06 07 10 19 20
06 08 10 15 18
06 08 10 15 19
06 08 10 15 20
06 08 10 15 21
06 08 11 13 16
06 09 10 13 16
06 09 12 14 17
06 09 13 15 17
06 10 11 13 14
06 10 11 16 17
06 10 12 13 17
06 10 14 15 17
06 11 14 15 17
06 12 16 18 19
06 12 16 20 21
06 14 15 18 21
06 14 15 19 20
06 18 19 20 21
07 08 09 10 12
07 08 10 11 15
07 08 10 11 16
07 08 10 14 17
07 08 16 18 20
07 08 16 19 21
07 09 10 11 14
07 09 10 12 16
07 09 11 15 17
07 09 12 13 14
07 09 15 18 19
07 09 15 20 21
07 09 17 18 19
07 09 17 20 21
07 10 14 16 17
07 11 14 18 20
07 11 14 19 21
07 12 15 17 18
07 12 15 17 19
07 12 15 17 20
07 12 15 17 21
07 13 14 18 19
07 13 14 20 21
07 14 15 18 21
07 14 15 19 20
08 09 13 14 18
08 09 13 14 19
08 09 13 14 20
08 09 13 14 21
08 09 14 16 17
08 09 16 18 21
08 09 16 19 20
08 10 11 12 17
08 10 11 14 16
08 10 12 15 16
08 10 13 15 17
08 11 12 18 20
08 11 12 19 21
08 12 17 18 21
08 12 17 19 20
08 14 15 18 20
08 14 15 19 21
09 10 14 15 16
09 10 17 18 20
09 10 17 19 21
09 11 14 18 19
09 11 14 20 21
09 12 13 18 21
09 12 13 19 20
10 11 12 13 16
11 12 13 14 15
11 13 15 18 19
11 13 15 20 21
11 13 17 18 19
11 13 17 20 21
11 14 15 18 21
11 14 15 19 20
11 15 16 17 18
11 15 16 17 19
11 15 16 17 20
11 15 16 17 21
12 14 16 18 20
12 14 16 19 21
13 15 16 18 20
13 15 16 19 21
13 16 17 18 21
13 16 17 19 20